0 0.510963 0.643834 0.033820 0.108011 0 0.885274 0
0 0.587564 0.509324 0.035798 0.096005 0 0.874272 0
0 0.418741 0.194118 0.029318 0.084998 0 0.869476 0
0 0.651204 0.939726 0.037189 0.114381 0 0.767883 0
0 0.130321 0.467228 0.039397 0.093126 0 0.871280 1
0 0.220952 0.392277 0.035712 0.085129 0 0.836499 1
0 0.258610 0.488668 0.034125 0.093070 0 0.833321 1
0 0.181355 0.335772 0.034635 0.091303 0 0.813683 1
0 0.269313 0.432578 0.031034 0.087038 0 0.622504 1
0 0.261833 0.408497 0.032037 0.086326 0 0.612263 1
0 0.262347 0.442468 0.031357 0.082571 0 0.457040 1
0 0.750895 0.580596 0.044137 0.089987 1 0.880035 0
0 0.383943 0.172684 0.039122 0.088250 1 0.870563 0
0 0.537656 0.492759 0.038594 0.081870 1 0.869136 0
0 0.624833 0.388124 0.041317 0.088319 1 0.862474 0
0 0.496325 0.323646 0.021153 0.087215 1 0.857657 0
0 0.685126 0.224636 0.021895 0.086015 1 0.844487 0
0 0.659846 0.914349 0.030744 0.083565 1 0.485978 0
0 0.165370 0.317085 0.030183 0.078852 1 0.826633 1
0 0.289294 0.497302 0.038235 0.093805 1 0.772881 1
0 0.286520 0.412790 0.024762 0.099258 1 0.684810 1
0 0.240813 0.383754 0.029388 0.072728 1 0.649097 1
