0 0.470130 0.661262 0.042697 0.103708 0 0.887571 0
0 0.567609 0.928003 0.041675 0.079804 0 0.870741 0
0 0.489837 0.542134 0.049208 0.106108 0 0.863864 0
0 0.313099 0.168964 0.029602 0.066655 0 0.826385 0
0 0.172178 0.431116 0.031142 0.097066 0 0.848973 1
0 0.230159 0.391117 0.039886 0.084736 0 0.842866 1
0 0.295179 0.487452 0.040784 0.103865 0 0.839371 1
0 0.327892 0.419889 0.033633 0.112619 0 0.762006 1
0 0.293626 0.406027 0.034790 0.109705 0 0.722255 1
0 0.254308 0.315247 0.025682 0.098875 0 0.694417 1
0 0.237328 0.325405 0.041896 0.097388 0 0.687900 1
0 0.710867 0.606212 0.035370 0.098033 1 0.882185 0
0 0.690435 0.244449 0.028508 0.097265 1 0.878062 0
0 0.620463 0.919382 0.035495 0.092812 1 0.855434 0
0 0.604215 0.373992 0.030319 0.098951 1 0.852306 0
0 0.495920 0.349403 0.026043 0.109596 1 0.851952 0
0 0.482162 0.496367 0.033935 0.096519 1 0.793531 0
0 0.336546 0.138864 0.031417 0.072892 1 0.649609 0
0 0.351716 0.472797 0.035723 0.102736 1 0.850933 1
0 0.322777 0.342006 0.027976 0.089457 1 0.823922 1
