0 0.498985 0.904848 0.041590 0.107406 0
0 0.603658 0.898593 0.034971 0.107398 1
0 0.408623 0.566386 0.060308 0.096284 0
0 0.257972 0.142257 0.035788 0.078206 0
0 0.412800 0.689811 0.041737 0.114896 0
0 0.657687 0.622357 0.027755 0.098949 1
0 0.423432 0.318605 0.035891 0.091878 1
0 0.518057 0.371580 0.031571 0.104833 1
0 0.379014 0.300599 0.052734 0.071822 1
0 0.451539 0.486419 0.048175 0.108038 1
0 0.710185 0.268878 0.028124 0.105809 1
0 0.315973 0.336835 0.040129 0.085696 0
0 0.613775 0.349782 0.026437 0.097916 1
0 0.341265 0.122087 0.024921 0.098647 1
0 0.393567 0.379081 0.042399 0.079913 1
0 0.236666 0.421410 0.032313 0.097972 0
0 0.341429 0.379890 0.028943 0.082180 0
0 0.357618 0.466149 0.041067 0.101915 0
0 0.226797 0.385747 0.027877 0.088364 0
0 0.426516 0.459284 0.032419 0.086044 1
0 0.353609 0.441874 0.032946 0.104539 0
0 0.366924 0.395885 0.029614 0.078061 0
0 0.352584 0.458696 0.034982 0.112837 0
0 0.361157 0.407518 0.035994 0.078029 0
0 0.356176 0.426517 0.036892 0.087137 0
