0 0.648539 0.491378 0.033814 0.077985 0.888445
0 0.767488 0.567240 0.021398 0.093575 0.884799
0 0.493194 0.642354 0.026443 0.092492 0.876342
0 0.497255 0.325718 0.027362 0.068534 0.874757
0 0.551399 0.517004 0.036835 0.075716 0.868314
0 0.127147 0.486813 0.023558 0.071912 0.867150
0 0.630907 0.403161 0.038926 0.081668 0.857741
0 0.413811 0.177337 0.028000 0.075082 0.846875
0 0.681664 0.221878 0.024882 0.070781 0.818217
0 0.241113 0.523064 0.039883 0.091054 0.815309
0 0.210709 0.421341 0.027476 0.068750 0.811981
0 0.183545 0.431339 0.028125 0.057633 0.806119
0 0.496041 0.202177 0.029836 0.063796 0.804980
0 0.278939 0.425952 0.022557 0.094091 0.794917
0 0.219018 0.504632 0.030966 0.079743 0.788034
0 0.140580 0.360562 0.027895 0.085614 0.784721
0 0.701729 0.896596 0.034206 0.080383 0.768446
0 0.246620 0.451842 0.024800 0.083898 0.766066
0 0.132471 0.340210 0.027453 0.074309 0.721830
0 0.260761 0.423477 0.022833 0.084921 0.701627
0 0.244362 0.407573 0.021736 0.074473 0.654408
0 0.709133 0.934310 0.030503 0.100207 0.485509
0 0.244919 0.431597 0.022311 0.112880 0.303612
