0 0.783991 0.570156 0.044597 0.086262
0 0.553400 0.532181 0.031068 0.083806
0 0.421244 0.175358 0.029763 0.069077
0 0.488783 0.644505 0.030346 0.087031
0 0.119817 0.494918 0.026068 0.081197
0 0.685798 0.224492 0.033015 0.064787
0 0.515343 0.213756 0.026858 0.054002
0 0.669093 0.495404 0.038858 0.074194
0 0.225170 0.537174 0.044382 0.089145
0 0.498639 0.332765 0.019713 0.065916
0 0.643595 0.411158 0.033489 0.075819
0 0.135390 0.365963 0.037581 0.085688
0 0.203240 0.437400 0.022728 0.073242
0 0.728654 0.928701 0.049933 0.093041
0 0.277012 0.429466 0.020831 0.090494
0 0.210174 0.510810 0.020921 0.085629
0 0.244625 0.455050 0.028906 0.086179
0 0.238185 0.417564 0.022341 0.084631
0 0.174310 0.457815 0.039735 0.043143
0 0.718799 0.899201 0.040253 0.082202
0 0.261065 0.428097 0.021475 0.084380
0 0.127857 0.344182 0.027526 0.076275
0 0.214114 0.513594 0.025890 0.085621
