0 0.404916 0.559861 0.050866 0.101920 0
0 0.498894 0.903633 0.043921 0.117329 0
0 0.605381 0.893805 0.032813 0.114912 1
0 0.634168 0.625704 0.030866 0.103516 1
0 0.255288 0.140275 0.037547 0.093883 0
0 0.528200 0.384828 0.023130 0.108616 1
0 0.385267 0.310620 0.045397 0.069197 1
0 0.412213 0.682956 0.043951 0.123913 0
0 0.635914 0.329429 0.023558 0.100767 1
0 0.326906 0.352599 0.035767 0.089166 0
0 0.727313 0.292113 0.022098 0.106955 1
0 0.344318 0.119274 0.024323 0.100430 1
0 0.451698 0.490632 0.047468 0.101846 1
0 0.404798 0.387402 0.046160 0.076342 1
0 0.432772 0.309529 0.025627 0.104553 1
0 0.368623 0.466533 0.039585 0.103791 0
0 0.237720 0.416637 0.027238 0.108018 0
0 0.343724 0.389422 0.033330 0.084360 0
0 0.360428 0.438443 0.033899 0.097969 0
0 0.226315 0.386062 0.025036 0.087467 0
0 0.429634 0.459668 0.036178 0.073347 1
0 0.375427 0.408436 0.030852 0.071690 0
0 0.369282 0.424559 0.036818 0.098517 0
