0 0.494366 0.537120 0.053368 0.099063
0 0.712476 0.603502 0.043635 0.093774
0 0.573689 0.938104 0.037278 0.081688
0 0.605358 0.380527 0.025569 0.098916
0 0.494920 0.345318 0.021758 0.102738
0 0.690497 0.242536 0.022684 0.097625
0 0.475592 0.659022 0.039493 0.100272
0 0.161251 0.434054 0.022712 0.093813
0 0.622422 0.922305 0.042736 0.095193
0 0.340243 0.473640 0.032226 0.099417
0 0.289171 0.488864 0.040896 0.103603
0 0.482195 0.494128 0.034426 0.095713
0 0.228379 0.392950 0.043360 0.085330
0 0.227450 0.323901 0.045303 0.098521
0 0.316919 0.167640 0.043440 0.076949
0 0.318143 0.415720 0.029906 0.097129
0 0.307350 0.343359 0.028908 0.085481
0 0.287529 0.413781 0.031030 0.099384
0 0.243187 0.315869 0.024188 0.103313
0 0.345632 0.134334 0.047952 0.062400
0 0.295426 0.431752 0.034519 0.097934
0 0.339413 0.137522 0.037421 0.070535
0 0.290112 0.428017 0.036288 0.103950
0 0.321616 0.156764 0.048431 0.082299
