0 0.493700 0.318612 0.026865 0.081537
0 0.616766 0.490253 0.038709 0.089291
0 0.756287 0.563378 0.025643 0.092063
0 0.499767 0.633334 0.029783 0.094132
0 0.677681 0.215956 0.022897 0.076342
0 0.132545 0.460863 0.026157 0.070113
0 0.540630 0.499887 0.024890 0.084344
0 0.400267 0.171670 0.029844 0.079554
0 0.621933 0.394960 0.040145 0.086921
0 0.262451 0.513657 0.044496 0.098763
0 0.458215 0.188137 0.031700 0.072805
0 0.235369 0.490013 0.028602 0.076751
0 0.278881 0.419045 0.025142 0.102260
0 0.193659 0.406368 0.040026 0.075105
0 0.150469 0.345976 0.041481 0.096471
0 0.137692 0.327449 0.030819 0.078717
0 0.218838 0.398921 0.034801 0.076195
0 0.247227 0.404340 0.027732 0.080934
0 0.686049 0.894852 0.038301 0.079457
0 0.255935 0.437748 0.028869 0.079415
0 0.251488 0.444879 0.026980 0.077557
0 0.258743 0.424906 0.028205 0.088460
0 0.681572 0.923152 0.030836 0.082934
0 0.256878 0.406304 0.026497 0.082794
