0 0.432813 0.961703 0.432813 0.975779 0.439062 0.975779 0.439062 0.961703 0.432813 0.961703 0.426563 0.941996 0.428125 0.944811 0.428125 0.950442 0.429688 0.953257 0.429688 0.956072 0.428125 0.956072 0.421875 0.925105 0.421875 0.930735 0.423437 0.933550 0.414062 0.902582 0.415625 0.905398 0.415625 0.908213 0.417188 0.911028 0.417188 0.913844 0.415625 0.916659 0.403125 0.860354 0.403125 0.868799 0.404688 0.871615 0.404688 0.877245 0.406250 0.880060 0.407812 0.880060 0.409375 0.882876 0.409375 0.885691 0.410938 0.888506 0.410938 0.894137 0.409375 0.896952 0.407812 0.894137 0.407812 0.891321 0.396875 0.840647 0.396875 0.849093 0.398438 0.851908 0.398438 0.854723 0.396875 0.854723 0.395313 0.851908 0.395313 0.846277 0.390625 0.820940 0.390625 0.829386 0.392187 0.832201 0.384375 0.801233 0.384375 0.806864 0.385938 0.809679 0.378125 0.781526 0.378125 0.789972 0.376562 0.789972 0.371875 0.759004 0.371875 0.770265 0.370313 0.767450 0.365625 0.739297 0.365625 0.747743 0.364063 0.744928 0.359375 0.716775 0.359375 0.728036 0.357813 0.725221 0.353125 0.697068 0.353125 0.708329 0.351562 0.705514 0.345313 0.677362 0.346875 0.680177 0.346875 0.685807 0.340625 0.657655 0.340625 0.666100 0.339063 0.663285 0.334375 0.635133 0.334375 0.646394 0.332813 0.643578 0.328125 0.615426 0.328125 0.626687 0.326563 0.623872 0.326563 0.618241 0.325000 0.615426 0.321875 0.592904 0.321875 0.604165 0.320312 0.601349 0.320312 0.595719 0.318750 0.592904 0.315625 0.573197 0.315625 0.584458 0.314063 0.584458 0.307813 0.550675 0.309375 0.553490 0.309375 0.559121 0.303125 0.533783 0.303125 0.536598 0.304688 0.539414 0.304688 0.542229 0.296875 0.511261 0.296875 0.514076 0.298438 0.516892 0.296875 0.519707 0.296875 0.522522 0.295313 0.519707 0.264063 0.409912 0.265625 0.412727 0.265625 0.418357 0.270313 0.426803 0.270313 0.429618 0.271875 0.432434 0.271875 0.435249 0.273438 0.438064 0.273438 0.443695 0.275000 0.446510 0.276563 0.446510 0.276563 0.449325 0.278125 0.452141 0.278125 0.454956 0.279688 0.457771 0.279688 0.460586 0.284375 0.469032 0.284375 0.474663 0.285938 0.477478 0.285938 0.483108 0.287500 0.485924 0.289062 0.485924 0.290625 0.488739 0.290625 0.500000 0.292188 0.502815 0.290625 0.502815 0.259375 0.390205 0.259375 0.398651 0.260938 0.401466 0.260938 0.404281 0.259375 0.404281 0.257812 0.401466 0.251563 0.367683 0.253125 0.370498 0.253125 0.376128 0.254687 0.378944 0.254687 0.384574 0.253125 0.384574 0.251563 0.381759 0.245313 0.347976 0.246875 0.350791 0.246875 0.353606 0.248438 0.356422 0.220313 0.266333 0.221875 0.269149 0.221875 0.274779 0.223437 0.277594 0.223437 0.283225 0.225000 0.286040 0.226562 0.286040 0.228125 0.288855 0.228125 0.297301 0.229688 0.300116 0.229688 0.302932 0.231250 0.305747 0.232813 0.305747 0.234375 0.308562 0.234375 0.311377 0.235938 0.314193 0.235938 0.322639 0.237500 0.325454 0.239062 0.325454 0.240625 0.328269 0.240625 0.333900 0.242188 0.336715 0.242188 0.339530 0.240625 0.342345 0.203125 0.207213 0.203125 0.218474 0.206250 0.224104 0.207812 0.224104 0.207812 0.226920 0.209375 0.229735 0.209375 0.232550 0.210938 0.235365 0.210938 0.243811 0.212500 0.246626 0.214063 0.246626 0.215625 0.249442 0.215625 0.255072 0.217188 0.257887 0.215625 0.260703 0.196875 0.187506 0.196875 0.195952 0.198438 0.198767 0.198438 0.201582 0.196875 0.201582 0.196875 0.198767 0.195312 0.195952 0.190625 0.167799 0.190625 0.173430 0.192187 0.176245 0.184375 0.156538 0.184375 0.150908 0.182813 0.148092 0.182813 0.145277 0.178125 0.145277 0.178125 0.159353 0.182813 0.159353 0.184375 0.156538 0.192187 0.176245 0.192187 0.179060 0.189063 0.179060 0.189063 0.164984 0.190625 0.167799 0.195312 0.195952 0.195312 0.190321 0.193750 0.187506 0.195312 0.184691 0.196875 0.187506 0.215625 0.260703 0.214063 0.257887 0.214063 0.249442 0.210938 0.243811 0.209375 0.243811 0.209375 0.240996 0.207812 0.238181 0.207812 0.235365 0.206250 0.232550 0.206250 0.226920 0.201563 0.218474 0.201563 0.212843 0.200000 0.210028 0.200000 0.207213 0.201563 0.204397 0.203125 0.207213 0.240625 0.342345 0.239062 0.339530 0.239062 0.333900 0.237500 0.331084 0.237500 0.325454 0.235938 0.322639 0.234375 0.322639 0.232813 0.319823 0.232813 0.314193 0.231250 0.311377 0.231250 0.305747 0.229688 0.302932 0.228125 0.302932 0.226562 0.300116 0.226562 0.294486 0.225000 0.291671 0.225000 0.286040 0.223437 0.283225 0.221875 0.283225 0.220313 0.280410 0.220313 0.271964 0.218750 0.269149 0.218750 0.266333 0.220313 0.266333 0.248438 0.356422 0.248438 0.362052 0.246875 0.362052 0.245313 0.359237 0.245313 0.345161 0.245313 0.347976 0.251563 0.381759 0.251563 0.373313 0.250000 0.370498 0.250000 0.367683 0.251563 0.364867 0.251563 0.367683 0.257812 0.401466 0.257812 0.393020 0.256250 0.390205 0.257812 0.387390 0.259375 0.390205 0.290625 0.502815 0.289062 0.500000 0.289062 0.497185 0.287500 0.494369 0.287500 0.485924 0.285938 0.483108 0.284375 0.483108 0.282813 0.480293 0.282813 0.474663 0.281250 0.471847 0.281250 0.469032 0.276563 0.460586 0.276563 0.457771 0.275000 0.454956 0.275000 0.449325 0.273438 0.446510 0.271875 0.446510 0.270313 0.443695 0.270313 0.440880 0.268750 0.438064 0.268750 0.435249 0.264063 0.426803 0.264063 0.418357 0.262500 0.415542 0.262500 0.409912 0.264063 0.409912 0.295313 0.519707 0.295313 0.516892 0.293750 0.514076 0.295313 0.511261 0.295313 0.508446 0.296875 0.511261 0.304688 0.542229 0.303125 0.545044 0.301563 0.542229 0.301563 0.530968 0.303125 0.533783 0.309375 0.559121 0.310938 0.561936 0.309375 0.564751 0.307813 0.561936 0.307813 0.547859 0.307813 0.550675 0.314063 0.584458 0.314063 0.570382 0.315625 0.573197 0.318750 0.592904 0.320312 0.590088 0.321875 0.592904 0.325000 0.615426 0.326563 0.612610 0.328125 0.615426 0.332813 0.643578 0.332813 0.632317 0.334375 0.635133 0.339063 0.663285 0.339063 0.654839 0.340625 0.657655 0.346875 0.685807 0.345313 0.685807 0.345313 0.674546 0.345313 0.677362 0.351562 0.705514 0.351562 0.694253 0.353125 0.697068 0.357813 0.725221 0.357813 0.716775 0.359375 0.716775 0.364063 0.744928 0.364063 0.736482 0.365625 0.739297 0.370313 0.767450 0.370313 0.759004 0.371875 0.759004 0.376562 0.789972 0.376562 0.778711 0.378125 0.781526 0.385938 0.809679 0.384375 0.812494 0.382812 0.809679 0.382812 0.798418 0.384375 0.801233 0.392187 0.832201 0.389063 0.832201 0.389063 0.818125 0.390625 0.820940 0.395313 0.846277 0.393750 0.843462 0.393750 0.840647 0.395313 0.837831 0.396875 0.840647 0.407812 0.891321 0.406250 0.888506 0.406250 0.880060 0.404688 0.877245 0.403125 0.877245 0.401563 0.874430 0.401563 0.868799 0.400000 0.865984 0.400000 0.860354 0.401563 0.857538 0.403125 0.860354 0.415625 0.916659 0.414062 0.913844 0.414062 0.911028 0.412500 0.908213 0.414062 0.905398 0.414062 0.899767 0.414062 0.902582 0.423437 0.933550 0.423437 0.936366 0.420313 0.936366 0.420313 0.922289 0.421875 0.925105 0.428125 0.956072 0.426563 0.953257 0.426563 0.947627 0.425000 0.944811 0.425000 0.941996 0.426563 0.941996
0 0.132812 0.956072 0.132812 0.972964 0.134375 0.975779 0.134375 0.978595 0.135938 0.975779 0.134375 0.972964 0.134375 0.958888 0.132812 0.956072 0.128125 0.927920 0.128125 0.941996 0.129688 0.944811 0.121875 0.896952 0.121875 0.905398 0.123437 0.908213 0.115625 0.865984 0.115625 0.874430 0.117188 0.877245 0.117188 0.885691 0.115625 0.888506 0.115625 0.885691 0.114063 0.882876 0.109375 0.835016 0.109375 0.843462 0.110938 0.846277 0.110938 0.857538 0.109375 0.857538 0.107812 0.854723 0.107812 0.846277 0.103125 0.804048 0.103125 0.812494 0.104688 0.815309 0.104688 0.823755 0.103125 0.826570 0.101562 0.823755 0.095313 0.773080 0.096875 0.775896 0.096875 0.781526 0.098438 0.784341 0.089063 0.742113 0.090625 0.744928 0.090625 0.750558 0.092187 0.753374 0.092187 0.756189 0.090625 0.759004 0.090625 0.761819 0.082813 0.711145 0.084375 0.713960 0.084375 0.719590 0.085938 0.722406 0.085938 0.730852 0.084375 0.733667 0.076563 0.680177 0.078125 0.682992 0.078125 0.691438 0.079688 0.694253 0.079688 0.699884 0.078125 0.702699 0.070312 0.649209 0.071875 0.652024 0.071875 0.657655 0.073438 0.660470 0.073438 0.668916 0.071875 0.671731 0.065625 0.621056 0.065625 0.632317 0.067188 0.635133 0.067188 0.640763 0.065625 0.643578 0.065625 0.640763 0.064063 0.637948 0.064063 0.632317 0.057812 0.587273 0.059375 0.590088 0.059375 0.601349 0.060938 0.604165 0.060938 0.612610 0.059375 0.612610 0.045313 0.528153 0.046875 0.530968 0.046875 0.536598 0.048438 0.539414 0.048438 0.553490 0.050000 0.556305 0.051563 0.556305 0.051563 0.559121 0.053125 0.561936 0.053125 0.567566 0.054688 0.570382 0.054688 0.581643 0.053125 0.584458 0.040625 0.525337 0.042188 0.522522 0.042188 0.514076 0.040625 0.511261 0.040625 0.500000 0.039062 0.497185 0.039062 0.494369 0.037500 0.494369 0.035938 0.491554 0.035938 0.480293 0.034375 0.477478 0.034375 0.469032 0.029688 0.460586 0.029688 0.449325 0.028125 0.446510 0.028125 0.440880 0.026563 0.438064 0.026563 0.435249 0.025000 0.435249 0.023438 0.432434 0.023438 0.421173 0.021875 0.418357 0.021875 0.412727 0.020313 0.409912 0.020313 0.407096 0.018750 0.407096 0.017188 0.404281 0.017188 0.390205 0.015625 0.387390 0.015625 0.381759 0.014063 0.378944 0.014063 0.376128 0.012500 0.376128 0.010938 0.373313 0.010938 0.359237 0.009375 0.356422 0.009375 0.350791 0.007812 0.347976 0.003125 0.347976 0.003125 0.376128 0.009375 0.376128 0.012500 0.381759 0.012500 0.393020 0.014063 0.395835 0.014063 0.401466 0.015625 0.404281 0.017188 0.404281 0.018750 0.407096 0.018750 0.418357 0.020313 0.421173 0.020313 0.429618 0.021875 0.432434 0.021875 0.435249 0.023438 0.435249 0.025000 0.438064 0.025000 0.449325 0.026563 0.452141 0.026563 0.460586 0.031250 0.469032 0.031250 0.480293 0.032813 0.483108 0.032813 0.488739 0.034375 0.491554 0.034375 0.494369 0.037500 0.500000 0.037500 0.508446 0.039062 0.511261 0.039062 0.519707 0.040625 0.522522 0.040625 0.525337 0.053125 0.584458 0.053125 0.581643 0.051563 0.578827 0.051563 0.573197 0.050000 0.570382 0.050000 0.559121 0.048438 0.556305 0.046875 0.556305 0.046875 0.553490 0.045313 0.550675 0.045313 0.542229 0.043750 0.539414 0.043750 0.528153 0.045313 0.528153 0.059375 0.612610 0.057812 0.609795 0.057812 0.601349 0.056250 0.598534 0.056250 0.587273 0.057812 0.587273 0.064063 0.632317 0.062500 0.629502 0.062500 0.621056 0.064063 0.618241 0.065625 0.621056 0.071875 0.671731 0.070312 0.668916 0.070312 0.663285 0.068750 0.660470 0.068750 0.649209 0.070312 0.646394 0.070312 0.649209 0.078125 0.702699 0.076563 0.699884 0.076563 0.688623 0.075000 0.685807 0.075000 0.680177 0.076563 0.677362 0.076563 0.680177 0.084375 0.733667 0.082813 0.730852 0.082813 0.722406 0.081250 0.719590 0.081250 0.711145 0.082813 0.708329 0.082813 0.711145 0.090625 0.761819 0.089063 0.759004 0.089063 0.753374 0.087500 0.750558 0.087500 0.744928 0.089063 0.742113 0.089063 0.739297 0.089063 0.742113 0.098438 0.784341 0.098438 0.792787 0.096875 0.795603 0.096875 0.792787 0.095313 0.789972 0.095313 0.770265 0.095313 0.773080 0.101562 0.823755 0.101562 0.812494 0.100000 0.809679 0.100000 0.804048 0.101562 0.801233 0.103125 0.804048 0.107812 0.846277 0.106250 0.843462 0.106250 0.835016 0.107812 0.832201 0.109375 0.835016 0.114063 0.882876 0.114063 0.877245 0.112500 0.874430 0.112500 0.865984 0.114063 0.863169 0.115625 0.865984 0.123437 0.908213 0.123437 0.913844 0.121875 0.916659 0.120313 0.913844 0.120313 0.894137 0.121875 0.896952 0.129688 0.944811 0.128125 0.947627 0.126563 0.944811 0.126563 0.925105 0.128125 0.927920
0 0.940625 0.547859 0.940625 0.547859 0.934375 0.536598 0.928125 0.525337 0.928125 0.528153 0.921875 0.514076 0.921875 0.516892 0.915625 0.502815 0.915625 0.505631 0.909375 0.491554 0.909375 0.494369 0.907813 0.494369 0.903125 0.480293 0.903125 0.483108 0.901562 0.483108 0.896875 0.469032 0.896875 0.471847 0.895313 0.471847 0.890625 0.457771 0.890625 0.460586 0.889063 0.460586 0.884375 0.446510 0.884375 0.449325 0.882812 0.449325 0.878125 0.435249 0.878125 0.438064 0.876563 0.438064 0.871875 0.423988 0.871875 0.426803 0.870312 0.426803 0.865625 0.412727 0.865625 0.415542 0.864063 0.415542 0.859375 0.401466 0.859375 0.404281 0.857813 0.404281 0.853125 0.393020 0.851562 0.393020 0.851562 0.390205 0.846875 0.381759 0.845313 0.381759 0.845313 0.378944 0.840625 0.370498 0.839062 0.370498 0.839062 0.367683 0.834375 0.359237 0.832813 0.359237 0.832813 0.356422 0.803125 0.311377 0.796875 0.300116 0.790625 0.288855 0.790625 0.291671 0.784375 0.277594 0.784375 0.280410 0.778125 0.266333 0.778125 0.269149 0.776562 0.269149 0.771875 0.255072 0.771875 0.257887 0.765625 0.243811 0.765625 0.246626 0.764063 0.246626 0.759375 0.232550 0.759375 0.235365 0.757812 0.235365 0.753125 0.221289 0.753125 0.224104 0.751563 0.224104 0.746875 0.210028 0.746875 0.212843 0.745312 0.212843 0.740625 0.198767 0.740625 0.201582 0.739063 0.201582 0.734375 0.187506 0.734375 0.190321 0.732813 0.190321 0.728125 0.179060 0.726562 0.179060 0.726562 0.176245 0.721875 0.167799 0.720313 0.167799 0.720313 0.164984 0.715625 0.156538 0.714063 0.156538 0.714063 0.153723 0.657813 0.055189 0.657813 0.043928 0.653125 0.043928 0.653125 0.055189 0.657813 0.055189 0.714063 0.153723 0.715625 0.156538 0.720313 0.164984 0.721875 0.167799 0.726562 0.176245 0.728125 0.179060 0.732813 0.190321 0.732813 0.187506 0.734375 0.187506 0.739063 0.201582 0.739063 0.198767 0.740625 0.198767 0.745312 0.212843 0.745312 0.210028 0.746875 0.210028 0.751563 0.224104 0.751563 0.221289 0.753125 0.221289 0.757812 0.235365 0.757812 0.232550 0.759375 0.232550 0.764063 0.246626 0.764063 0.243811 0.765625 0.243811 0.771875 0.257887 0.770313 0.255072 0.771875 0.255072 0.776562 0.269149 0.776562 0.266333 0.778125 0.266333 0.784375 0.280410 0.782813 0.277594 0.784375 0.277594 0.790625 0.291671 0.789062 0.288855 0.790625 0.288855 0.796875 0.300116 0.796875 0.300116 0.803125 0.311377 0.803125 0.311377 0.832813 0.356422 0.834375 0.359237 0.839062 0.367683 0.840625 0.370498 0.845313 0.378944 0.846875 0.381759 0.851562 0.390205 0.853125 0.393020 0.857813 0.404281 0.857813 0.401466 0.859375 0.401466 0.864063 0.415542 0.864063 0.412727 0.865625 0.412727 0.870312 0.426803 0.870312 0.423988 0.871875 0.423988 0.876563 0.438064 0.876563 0.435249 0.878125 0.435249 0.882812 0.449325 0.882812 0.446510 0.884375 0.446510 0.889063 0.460586 0.889063 0.457771 0.890625 0.457771 0.895313 0.471847 0.895313 0.469032 0.896875 0.469032 0.901562 0.483108 0.901562 0.480293 0.903125 0.480293 0.907813 0.494369 0.907813 0.491554 0.909375 0.491554 0.915625 0.505631 0.914062 0.502815 0.915625 0.502815 0.921875 0.516892 0.920313 0.514076 0.921875 0.514076 0.928125 0.528153 0.926563 0.525337 0.928125 0.525337 0.934375 0.536598 0.934375 0.536598
0 0.657813 0.795603 0.657813 0.798418 0.659375 0.798418 0.657813 0.795603 0.653125 0.784341 0.653125 0.787157 0.645313 0.764635 0.640625 0.750558 0.640625 0.753374 0.639063 0.753374 0.634375 0.742113 0.634375 0.739297 0.603125 0.663285 0.603125 0.660470 0.595313 0.640763 0.590625 0.626687 0.590625 0.632317 0.589063 0.629502 0.584375 0.615426 0.584375 0.618241 0.571875 0.584458 0.570312 0.584458 0.570312 0.581643 0.553125 0.536598 0.553125 0.539414 0.551563 0.536598 0.546875 0.519707 0.546875 0.528153 0.546875 0.522522 0.545313 0.519707 0.509375 0.423988 0.509375 0.432434 0.512500 0.438064 0.514063 0.438064 0.515625 0.440880 0.515625 0.443695 0.517187 0.446510 0.517187 0.449325 0.518750 0.452141 0.520313 0.452141 0.521875 0.454956 0.521875 0.457771 0.523438 0.460586 0.523438 0.466217 0.525000 0.469032 0.526563 0.469032 0.528125 0.471847 0.528125 0.477478 0.531250 0.483108 0.532813 0.483108 0.532813 0.485924 0.535938 0.491554 0.535938 0.497185 0.537500 0.500000 0.539062 0.500000 0.540625 0.502815 0.540625 0.508446 0.489063 0.378944 0.490625 0.381759 0.490625 0.387390 0.493750 0.393020 0.495313 0.393020 0.495313 0.395835 0.498438 0.401466 0.498438 0.404281 0.500000 0.407096 0.501562 0.407096 0.503125 0.409912 0.503125 0.412727 0.504688 0.415542 0.504688 0.418357 0.484375 0.367683 0.484375 0.373313 0.482813 0.370498 0.478125 0.353606 0.478125 0.359237 0.476562 0.356422 0.471875 0.333900 0.471875 0.339530 0.470312 0.336715 0.465625 0.322639 0.465625 0.325454 0.464063 0.325454 0.459375 0.311377 0.446875 0.277594 0.446875 0.280410 0.440625 0.266333 0.439062 0.257887 0.434375 0.243811 0.434375 0.249442 0.432813 0.246626 0.428125 0.235365 0.428125 0.232550 0.409375 0.187506 0.376562 0.114309 0.378125 0.111494 0.378125 0.100233 0.371875 0.100233 0.371875 0.114309 0.376562 0.114309 0.409375 0.187506 0.409375 0.187506 0.428125 0.232550 0.428125 0.235365 0.432813 0.246626 0.432813 0.243811 0.434375 0.243811 0.439062 0.257887 0.439062 0.257887 0.440625 0.266333 0.440625 0.266333 0.446875 0.280410 0.445312 0.277594 0.446875 0.277594 0.459375 0.311377 0.459375 0.311377 0.464063 0.325454 0.464063 0.322639 0.465625 0.322639 0.470312 0.336715 0.470312 0.333900 0.471875 0.333900 0.476562 0.356422 0.476562 0.353606 0.478125 0.353606 0.482813 0.370498 0.482813 0.364867 0.484375 0.367683 0.504688 0.418357 0.501562 0.418357 0.501562 0.415542 0.500000 0.412727 0.500000 0.407096 0.498438 0.404281 0.495313 0.404281 0.495313 0.395835 0.492188 0.390205 0.490625 0.390205 0.490625 0.387390 0.489063 0.384574 0.489063 0.381759 0.487500 0.378944 0.489063 0.378944 0.540625 0.508446 0.539062 0.508446 0.539062 0.505631 0.537500 0.502815 0.537500 0.500000 0.535938 0.497185 0.534375 0.497185 0.532813 0.494369 0.532813 0.485924 0.531250 0.483108 0.529688 0.483108 0.526563 0.477478 0.526563 0.474663 0.520313 0.463402 0.520313 0.460586 0.518750 0.457771 0.518750 0.454956 0.517187 0.452141 0.515625 0.452141 0.514063 0.449325 0.514063 0.440880 0.510938 0.435249 0.509375 0.435249 0.507812 0.432434 0.507812 0.429618 0.506250 0.426803 0.506250 0.423988 0.509375 0.423988 0.545313 0.519707 0.545313 0.516892 0.546875 0.519707 0.551563 0.536598 0.551563 0.533783 0.553125 0.536598 0.570312 0.581643 0.571875 0.584458 0.584375 0.618241 0.582813 0.615426 0.584375 0.615426 0.589063 0.629502 0.589063 0.626687 0.590625 0.626687 0.595313 0.640763 0.595313 0.640763 0.603125 0.660470 0.603125 0.663285 0.634375 0.739297 0.634375 0.742113 0.639063 0.753374 0.639063 0.750558 0.640625 0.750558 0.645313 0.764635 0.645313 0.764635 0.653125 0.787157 0.651563 0.784341 0.653125 0.784341
0 0.564063 0.919474 0.564063 0.925105 0.564063 0.919474 0.559375 0.905398 0.559375 0.911028 0.557813 0.911028 0.553125 0.885691 0.553125 0.894137 0.551563 0.891321 0.551563 0.888506 0.550000 0.885691 0.545313 0.868799 0.546875 0.871615 0.546875 0.877245 0.540625 0.851908 0.540625 0.857538 0.539062 0.854723 0.532813 0.835016 0.534375 0.837831 0.534375 0.840647 0.528125 0.818125 0.528125 0.823755 0.526563 0.820940 0.521875 0.798418 0.521875 0.801233 0.520313 0.798418 0.515625 0.784341 0.515625 0.787157 0.514063 0.784341 0.509375 0.761819 0.509375 0.767450 0.507812 0.767450 0.501562 0.744928 0.503125 0.747743 0.503125 0.753374 0.496875 0.728036 0.496875 0.733667 0.495313 0.730852 0.489063 0.705514 0.490625 0.708329 0.490625 0.716775 0.489063 0.713960 0.484375 0.694253 0.484375 0.699884 0.482813 0.697068 0.478125 0.674546 0.478125 0.682992 0.476562 0.680177 0.471875 0.660470 0.471875 0.666100 0.470312 0.663285 0.465625 0.637948 0.465625 0.643578 0.464063 0.643578 0.459375 0.626687 0.457813 0.618241 0.453125 0.604165 0.453125 0.609795 0.451563 0.606980 0.446875 0.584458 0.446875 0.592904 0.446875 0.590088 0.445312 0.587273 0.440625 0.567566 0.440625 0.576012 0.439062 0.573197 0.434375 0.550675 0.434375 0.553490 0.432813 0.550675 0.428125 0.533783 0.428125 0.539414 0.426563 0.536598 0.421875 0.514076 0.421875 0.519707 0.420313 0.516892 0.414062 0.497185 0.415625 0.500000 0.415625 0.502815 0.415625 0.500000 0.409375 0.480293 0.409375 0.483108 0.407812 0.483108 0.401563 0.463402 0.403125 0.466217 0.403125 0.469032 0.403125 0.466217 0.396875 0.446510 0.396875 0.449325 0.395313 0.449325 0.390625 0.426803 0.389063 0.426803 0.389063 0.423988 0.384375 0.412727 0.384375 0.415542 0.378125 0.393020 0.378125 0.395835 0.376562 0.393020 0.371875 0.381759 0.371875 0.378944 0.365625 0.359237 0.364063 0.359237 0.364063 0.356422 0.353125 0.325454 0.351562 0.325454 0.351562 0.322639 0.340625 0.288855 0.340625 0.291671 0.328125 0.257887 0.303125 0.187506 0.303125 0.190321 0.290625 0.153723 0.290625 0.156538 0.289062 0.156538 0.282813 0.142462 0.282813 0.131201 0.278125 0.131201 0.278125 0.142462 0.282813 0.142462 0.289062 0.156538 0.289062 0.150908 0.290625 0.153723 0.303125 0.190321 0.301563 0.187506 0.303125 0.187506 0.328125 0.257887 0.328125 0.257887 0.340625 0.291671 0.339063 0.288855 0.340625 0.288855 0.351562 0.322639 0.353125 0.325454 0.364063 0.356422 0.365625 0.359237 0.371875 0.378944 0.371875 0.381759 0.376562 0.393020 0.376562 0.390205 0.378125 0.393020 0.384375 0.415542 0.382812 0.412727 0.384375 0.412727 0.389063 0.423988 0.390625 0.426803 0.395313 0.449325 0.395313 0.446510 0.396875 0.446510 0.403125 0.466217 0.401563 0.463402 0.401563 0.457771 0.401563 0.463402 0.407812 0.483108 0.407812 0.480293 0.409375 0.480293 0.415625 0.500000 0.414062 0.497185 0.414062 0.494369 0.414062 0.497185 0.420313 0.516892 0.420313 0.514076 0.421875 0.514076 0.426563 0.536598 0.426563 0.533783 0.428125 0.533783 0.432813 0.550675 0.432813 0.547859 0.434375 0.550675 0.439062 0.573197 0.439062 0.564751 0.440625 0.567566 0.445312 0.587273 0.445312 0.581643 0.446875 0.584458 0.451563 0.606980 0.451563 0.601349 0.453125 0.604165 0.457813 0.618241 0.457813 0.618241 0.459375 0.626687 0.459375 0.626687 0.464063 0.643578 0.464063 0.635133 0.465625 0.637948 0.470312 0.663285 0.470312 0.657655 0.471875 0.660470 0.476562 0.680177 0.476562 0.671731 0.478125 0.674546 0.482813 0.697068 0.482813 0.691438 0.484375 0.694253 0.489063 0.713960 0.489063 0.708329 0.487500 0.705514 0.489063 0.705514 0.495313 0.730852 0.495313 0.725221 0.496875 0.728036 0.503125 0.753374 0.501562 0.750558 0.501562 0.742113 0.501562 0.744928 0.507812 0.767450 0.507812 0.759004 0.509375 0.761819 0.514063 0.784341 0.514063 0.781526 0.515625 0.784341 0.520313 0.798418 0.520313 0.795603 0.521875 0.798418 0.526563 0.820940 0.526563 0.815309 0.528125 0.818125 0.534375 0.840647 0.532813 0.837831 0.532813 0.829386 0.532813 0.835016 0.539062 0.854723 0.539062 0.849093 0.540625 0.851908 0.546875 0.877245 0.545313 0.874430 0.545313 0.865984 0.545313 0.868799 0.550000 0.885691 0.551563 0.882876 0.553125 0.885691 0.557813 0.911028 0.557813 0.902582 0.559375 0.905398
0 0.282813 0.953257 0.282813 0.970149 0.284375 0.972964 0.284375 0.975779 0.285938 0.975779 0.290625 0.984225 0.290625 0.998301 0.295313 0.998301 0.295313 0.975779 0.287500 0.975779 0.285938 0.972964 0.285938 0.967333 0.284375 0.964518 0.284375 0.958888 0.282813 0.956072 0.282813 0.953257 0.276563 0.936366 0.278125 0.939181 0.278125 0.944811 0.271875 0.908213 0.271875 0.922289 0.270313 0.919474 0.270313 0.911028 0.268750 0.908213 0.257812 0.857538 0.259375 0.860354 0.259375 0.865984 0.260938 0.868799 0.260938 0.877245 0.262500 0.880060 0.264063 0.880060 0.265625 0.882876 0.265625 0.899767 0.265625 0.896952 0.264063 0.894137 0.264063 0.891321 0.262500 0.888506 0.262500 0.880060 0.260938 0.877245 0.251563 0.835016 0.253125 0.837831 0.253125 0.849093 0.246875 0.809679 0.246875 0.818125 0.248438 0.820940 0.240625 0.784341 0.240625 0.798418 0.239062 0.795603 0.239062 0.787157 0.237500 0.784341 0.234375 0.759004 0.234375 0.775896 0.234375 0.773080 0.232813 0.770265 0.232813 0.764635 0.231250 0.761819 0.232813 0.759004 0.226562 0.733667 0.228125 0.736482 0.228125 0.750558 0.228125 0.747743 0.226562 0.744928 0.226562 0.742113 0.225000 0.739297 0.220313 0.708329 0.221875 0.711145 0.221875 0.716775 0.120313 0.319823 0.121875 0.322639 0.121875 0.328269 0.123437 0.331084 0.123437 0.333900 0.125000 0.336715 0.125000 0.339530 0.128125 0.345161 0.128125 0.350791 0.129688 0.353606 0.129688 0.356422 0.131250 0.359237 0.131250 0.362052 0.132812 0.364867 0.132812 0.367683 0.134375 0.370498 0.134375 0.373313 0.135938 0.376128 0.135938 0.381759 0.139063 0.387390 0.139063 0.390205 0.140625 0.393020 0.140625 0.398651 0.142188 0.401466 0.142188 0.409912 0.143750 0.412727 0.145313 0.412727 0.145313 0.415542 0.146875 0.418357 0.146875 0.421173 0.148438 0.423988 0.148438 0.432434 0.150000 0.435249 0.151563 0.435249 0.151563 0.438064 0.153125 0.440880 0.153125 0.443695 0.154688 0.446510 0.154688 0.454956 0.156250 0.457771 0.157813 0.457771 0.157813 0.460586 0.159375 0.463402 0.159375 0.466217 0.160938 0.469032 0.160938 0.477478 0.165625 0.485924 0.165625 0.491554 0.167188 0.494369 0.167188 0.505631 0.168750 0.508446 0.170313 0.508446 0.173438 0.514076 0.173438 0.522522 0.175000 0.525337 0.175000 0.528153 0.178125 0.533783 0.178125 0.536598 0.179688 0.539414 0.179688 0.547859 0.182813 0.553490 0.182813 0.556305 0.184375 0.559121 0.184375 0.564751 0.185938 0.567566 0.185938 0.573197 0.189063 0.578827 0.189063 0.581643 0.190625 0.584458 0.190625 0.590088 0.192187 0.592904 0.192187 0.601349 0.193750 0.604165 0.195312 0.604165 0.195312 0.606980 0.196875 0.609795 0.196875 0.612610 0.198438 0.615426 0.198438 0.626687 0.200000 0.629502 0.201563 0.629502 0.201563 0.632317 0.203125 0.635133 0.203125 0.640763 0.204688 0.643578 0.204688 0.649209 0.209375 0.657655 0.115625 0.300116 0.115625 0.308562 0.117188 0.311377 0.117188 0.314193 0.109375 0.291671 0.110938 0.288855 0.109375 0.286040 0.109375 0.274779 0.107812 0.271964 0.106250 0.271964 0.104688 0.269149 0.104688 0.263518 0.103125 0.260703 0.103125 0.252257 0.101562 0.249442 0.101562 0.246626 0.098438 0.240996 0.098438 0.235365 0.096875 0.232550 0.096875 0.226920 0.095313 0.224104 0.095313 0.221289 0.093750 0.221289 0.092187 0.218474 0.092187 0.210028 0.090625 0.207213 0.090625 0.204397 0.089063 0.201582 0.089063 0.198767 0.085938 0.193136 0.085938 0.187506 0.084375 0.184691 0.084375 0.181875 0.082813 0.179060 0.082813 0.176245 0.079688 0.170614 0.079688 0.164984 0.078125 0.162169 0.078125 0.145277 0.071875 0.145277 0.071875 0.176245 0.079688 0.176245 0.081250 0.179060 0.081250 0.181875 0.082813 0.184691 0.082813 0.193136 0.084375 0.195952 0.084375 0.198767 0.085938 0.198767 0.087500 0.201582 0.087500 0.207213 0.089063 0.210028 0.089063 0.215659 0.090625 0.218474 0.090625 0.221289 0.092187 0.221289 0.093750 0.224104 0.093750 0.232550 0.095313 0.235365 0.095313 0.238181 0.096875 0.240996 0.096875 0.243811 0.100000 0.249442 0.100000 0.255072 0.101562 0.257887 0.101562 0.263518 0.103125 0.266333 0.103125 0.269149 0.104688 0.269149 0.106250 0.271964 0.106250 0.277594 0.107812 0.280410 0.107812 0.286040 0.109375 0.288855 0.109375 0.291671 0.117188 0.314193 0.115625 0.314193 0.114063 0.311377 0.114063 0.297301 0.115625 0.300116 0.209375 0.657655 0.209375 0.666100 0.210938 0.668916 0.210938 0.674546 0.212500 0.677362 0.214063 0.677362 0.214063 0.680177 0.215625 0.682992 0.215625 0.694253 0.217188 0.697068 0.215625 0.699884 0.214063 0.697068 0.214063 0.688623 0.212500 0.685807 0.212500 0.680177 0.207812 0.671731 0.207812 0.666100 0.206250 0.663285 0.206250 0.654839 0.204688 0.652024 0.203125 0.652024 0.203125 0.649209 0.201563 0.646394 0.201563 0.643578 0.200000 0.640763 0.200000 0.629502 0.198438 0.626687 0.196875 0.626687 0.195312 0.623872 0.195312 0.618241 0.193750 0.615426 0.193750 0.606980 0.192187 0.604165 0.190625 0.604165 0.190625 0.601349 0.189063 0.598534 0.189063 0.592904 0.187500 0.590088 0.187500 0.584458 0.182813 0.576012 0.182813 0.567566 0.181250 0.564751 0.181250 0.561936 0.178125 0.556305 0.178125 0.553490 0.176563 0.550675 0.176563 0.545044 0.175000 0.542229 0.175000 0.536598 0.171875 0.530968 0.171875 0.528153 0.170313 0.525337 0.170313 0.519707 0.168750 0.516892 0.168750 0.508446 0.167188 0.505631 0.165625 0.505631 0.165625 0.502815 0.164062 0.500000 0.164062 0.497185 0.162500 0.494369 0.162500 0.485924 0.157813 0.477478 0.157813 0.471847 0.156250 0.469032 0.156250 0.463402 0.151563 0.454956 0.151563 0.452141 0.150000 0.449325 0.150000 0.440880 0.145313 0.432434 0.145313 0.426803 0.143750 0.423988 0.143750 0.415542 0.139063 0.407096 0.139063 0.401466 0.137500 0.398651 0.137500 0.393020 0.135938 0.390205 0.134375 0.390205 0.134375 0.387390 0.132812 0.384574 0.132812 0.381759 0.131250 0.378944 0.131250 0.373313 0.128125 0.367683 0.128125 0.364867 0.126563 0.362052 0.126563 0.356422 0.125000 0.353606 0.125000 0.347976 0.121875 0.342345 0.121875 0.339530 0.120313 0.336715 0.120313 0.328269 0.118750 0.325454 0.118750 0.319823 0.120313 0.319823 0.221875 0.716775 0.223437 0.719590 0.221875 0.722406 0.221875 0.725221 0.220313 0.722406 0.220313 0.705514 0.220313 0.708329 0.225000 0.739297 0.226562 0.736482 0.226562 0.730852 0.226562 0.733667 0.232813 0.759004 0.232813 0.756189 0.234375 0.759004 0.237500 0.784341 0.239062 0.781526 0.240625 0.784341 0.248438 0.820940 0.246875 0.823755 0.245313 0.820940 0.245313 0.806864 0.246875 0.809679 0.253125 0.849093 0.251563 0.846277 0.251563 0.832201 0.251563 0.835016 0.260938 0.877245 0.259375 0.877245 0.259375 0.874430 0.257812 0.871615 0.257812 0.865984 0.256250 0.863169 0.256250 0.860354 0.257812 0.857538 0.257812 0.854723 0.257812 0.857538 0.268750 0.908213 0.270313 0.905398 0.271875 0.908213 0.278125 0.944811 0.276563 0.941996 0.276563 0.930735 0.276563 0.936366
0 0.989063 0.888506 0.989063 0.896952 0.989063 0.888506 0.984375 0.877245 0.982813 0.877245 0.976562 0.863169 0.978125 0.865984 0.975000 0.865984 0.970313 0.851908 0.971875 0.854723 0.971875 0.860354 0.953125 0.818125 0.953125 0.826570 0.954688 0.829386 0.946875 0.806864 0.946875 0.812494 0.945312 0.812494 0.945312 0.809679 0.940625 0.795603 0.940625 0.801233 0.935938 0.787157 0.934375 0.789972 0.931250 0.784341 0.929688 0.775896 0.928125 0.778711 0.925000 0.773080 0.926563 0.770265 0.923438 0.764635 0.921875 0.767450 0.918750 0.761819 0.920313 0.759004 0.917187 0.753374 0.914062 0.753374 0.914062 0.747743 0.909375 0.736482 0.909375 0.739297 0.910938 0.742113 0.903125 0.725221 0.904688 0.728036 0.904688 0.730852 0.896875 0.713960 0.898438 0.716775 0.898438 0.719590 0.896875 0.719590 0.892188 0.705514 0.892188 0.708329 0.890625 0.708329 0.889063 0.705514 0.884375 0.694253 0.882812 0.685807 0.878125 0.682992 0.876563 0.674546 0.870312 0.663285 0.865625 0.652024 0.864063 0.652024 0.857813 0.640763 0.853125 0.629502 0.851562 0.629502 0.851562 0.626687 0.846875 0.618241 0.845313 0.618241 0.845313 0.615426 0.840625 0.606980 0.839062 0.606980 0.839062 0.604165 0.834375 0.592904 0.834375 0.595719 0.832813 0.595719 0.828125 0.581643 0.828125 0.584458 0.826563 0.584458 0.821875 0.570382 0.821875 0.573197 0.815625 0.559121 0.815625 0.561936 0.809375 0.547859 0.665625 0.269149 0.664062 0.269149 0.664062 0.266333 0.659375 0.255072 0.659375 0.257887 0.653125 0.243811 0.653125 0.246626 0.651563 0.246626 0.646875 0.232550 0.646875 0.235365 0.640625 0.221289 0.640625 0.224104 0.634375 0.210028 0.634375 0.212843 0.628125 0.201582 0.628125 0.198767 0.601562 0.145277 0.596875 0.134016 0.595313 0.134016 0.595313 0.131201 0.590625 0.122755 0.589063 0.122755 0.589063 0.119940 0.584375 0.108679 0.584375 0.111494 0.582813 0.111494 0.578125 0.097418 0.578125 0.100233 0.576563 0.100233 0.571875 0.088972 0.570312 0.086156 0.565625 0.077711 0.565625 0.066450 0.559375 0.066450 0.559375 0.077711 0.565625 0.077711 0.570312 0.086156 0.571875 0.088972 0.576563 0.100233 0.576563 0.097418 0.578125 0.097418 0.582813 0.111494 0.582813 0.108679 0.584375 0.108679 0.589063 0.119940 0.590625 0.122755 0.595313 0.131201 0.596875 0.134016 0.601562 0.145277 0.601562 0.145277 0.628125 0.198767 0.628125 0.201582 0.634375 0.212843 0.632812 0.210028 0.634375 0.210028 0.640625 0.224104 0.639063 0.221289 0.640625 0.221289 0.646875 0.235365 0.645313 0.232550 0.646875 0.232550 0.651563 0.246626 0.651563 0.243811 0.653125 0.243811 0.659375 0.257887 0.657813 0.255072 0.659375 0.255072 0.664062 0.266333 0.665625 0.269149 0.809375 0.547859 0.809375 0.547859 0.815625 0.561936 0.814063 0.559121 0.815625 0.559121 0.821875 0.573197 0.820312 0.570382 0.821875 0.570382 0.826563 0.584458 0.826563 0.581643 0.828125 0.581643 0.832813 0.595719 0.832813 0.592904 0.834375 0.592904 0.839062 0.604165 0.840625 0.606980 0.845313 0.615426 0.846875 0.618241 0.851562 0.626687 0.853125 0.629502 0.857813 0.640763 0.857813 0.640763 0.864063 0.652024 0.865625 0.652024 0.870312 0.663285 0.870312 0.663285 0.876563 0.674546 0.876563 0.674546 0.878125 0.682992 0.878125 0.682992 0.882812 0.685807 0.882812 0.685807 0.884375 0.694253 0.884375 0.694253 0.889063 0.705514 0.890625 0.702699 0.892188 0.705514 0.896875 0.719590 0.895313 0.716775 0.895313 0.713960 0.896875 0.713960 0.904688 0.730852 0.901562 0.730852 0.901562 0.725221 0.903125 0.725221 0.910938 0.742113 0.907813 0.742113 0.907813 0.736482 0.909375 0.736482 0.914062 0.747743 0.917187 0.753374 0.920313 0.759004 0.923438 0.764635 0.926563 0.770265 0.929688 0.775896 0.931250 0.784341 0.932812 0.781526 0.935938 0.787157 0.940625 0.801233 0.937500 0.795603 0.940625 0.795603 0.945312 0.809679 0.943750 0.806864 0.946875 0.806864 0.954688 0.829386 0.959375 0.829386 0.959375 0.835016 0.962500 0.840647 0.965625 0.840647 0.965625 0.849093 0.950000 0.820940 0.950000 0.818125 0.953125 0.818125 0.971875 0.860354 0.968750 0.854723 0.968750 0.851908 0.970313 0.851908 0.975000 0.865984 0.975000 0.863169 0.976562 0.863169 0.982813 0.877245 0.984375 0.877245
0 0.845313 0.899767 0.845313 0.899767 0.678125 0.539414 0.676563 0.536598 0.653125 0.483108 0.621875 0.415542 0.615625 0.401466 0.595313 0.359237 0.590625 0.345161 0.590625 0.347976 0.589063 0.347976 0.584375 0.333900 0.584375 0.336715 0.578125 0.322639 0.578125 0.325454 0.564063 0.291671 0.559375 0.280410 0.557813 0.280410 0.557813 0.277594 0.553125 0.266333 0.553125 0.269149 0.551563 0.269149 0.546875 0.255072 0.546875 0.257887 0.545313 0.257887 0.540625 0.240996 0.540625 0.246626 0.539062 0.243811 0.534375 0.232550 0.534375 0.229735 0.532813 0.224104 0.528125 0.210028 0.528125 0.215659 0.526563 0.212843 0.521875 0.198767 0.521875 0.201582 0.515625 0.187506 0.478125 0.108679 0.478125 0.105863 0.476562 0.103048 0.476562 0.097418 0.475000 0.097418 0.473438 0.094602 0.473438 0.091787 0.471875 0.088972 0.471875 0.077711 0.465625 0.077711 0.465625 0.097418 0.473438 0.097418 0.478125 0.105863 0.478125 0.108679 0.515625 0.187506 0.515625 0.187506 0.521875 0.201582 0.520313 0.198767 0.521875 0.198767 0.526563 0.212843 0.526563 0.210028 0.528125 0.210028 0.532813 0.224104 0.532813 0.224104 0.534375 0.229735 0.534375 0.232550 0.539062 0.243811 0.539062 0.240996 0.540625 0.240996 0.545313 0.257887 0.545313 0.252257 0.546875 0.255072 0.551563 0.269149 0.551563 0.263518 0.553125 0.266333 0.557813 0.277594 0.559375 0.280410 0.564063 0.291671 0.564063 0.291671 0.578125 0.325454 0.576563 0.322639 0.578125 0.322639 0.584375 0.336715 0.582813 0.333900 0.584375 0.333900 0.589063 0.347976 0.589063 0.345161 0.590625 0.345161 0.595313 0.359237 0.595313 0.359237 0.615625 0.401466 0.615625 0.401466 0.621875 0.415542 0.621875 0.415542 0.653125 0.483108 0.653125 0.483108 0.676563 0.536598 0.678125 0.539414
0 0.970313 0.378944 0.971875 0.381759 0.971875 0.378944 0.970313 0.378944 0.967188 0.370498 0.964062 0.370498 0.962500 0.367683 0.964062 0.364867 0.959375 0.356422 0.960938 0.359237 0.959375 0.362052 0.953125 0.345161 0.953125 0.350791 0.951563 0.347976 0.950000 0.347976 0.934375 0.319823 0.935938 0.322639 0.937500 0.322639 0.939063 0.325454 0.939063 0.328269 0.942188 0.333900 0.945312 0.333900 0.946875 0.336715 0.946875 0.339530 0.945312 0.336715 0.890625 0.252257 0.898438 0.266333 0.900000 0.266333 0.901562 0.269149 0.901562 0.271964 0.904688 0.277594 0.909375 0.277594 0.909375 0.283225 0.910938 0.286040 0.914062 0.286040 0.917187 0.291671 0.917187 0.294486 0.918750 0.297301 0.920313 0.297301 0.926563 0.308562 0.928125 0.308562 0.931250 0.314193 0.929688 0.317008 0.928125 0.317008 0.925000 0.311377 0.864063 0.210028 0.865625 0.212843 0.865625 0.215659 0.867188 0.218474 0.868750 0.218474 0.870312 0.221289 0.871875 0.221289 0.873438 0.224104 0.873438 0.226920 0.875000 0.229735 0.876563 0.229735 0.878125 0.232550 0.879688 0.232550 0.879688 0.235365 0.846875 0.184691 0.856250 0.201582 0.853125 0.201582 0.851562 0.198767 0.851562 0.193136 0.850000 0.190321 0.845313 0.190321 0.834375 0.164984 0.835938 0.167799 0.835938 0.170614 0.837500 0.173430 0.839062 0.173430 0.840625 0.176245 0.842188 0.176245 0.828125 0.153723 0.828125 0.159353 0.826563 0.156538 0.825000 0.156538 0.820312 0.142462 0.821875 0.145277 0.821875 0.148092 0.820312 0.145277 0.818750 0.145277 0.810938 0.131201 0.812500 0.134016 0.814063 0.134016 0.803125 0.119940 0.804688 0.119940 0.804688 0.122755 0.803125 0.122755 0.798438 0.111494 0.795313 0.111494 0.795313 0.105863 0.790625 0.097418 0.792187 0.100233 0.789062 0.100233 0.784375 0.086156 0.784375 0.088972 0.782813 0.088972 0.765625 0.063634 0.759375 0.052373 0.759375 0.055189 0.753125 0.043928 0.753125 0.032667 0.746875 0.032667 0.746875 0.043928 0.753125 0.043928 0.759375 0.055189 0.757812 0.052373 0.759375 0.052373 0.765625 0.063634 0.765625 0.063634 0.782813 0.088972 0.781250 0.086156 0.784375 0.086156 0.789062 0.100233 0.787500 0.097418 0.790625 0.097418 0.795313 0.105863 0.798438 0.111494 0.803125 0.122755 0.801563 0.119940 0.801563 0.117124 0.803125 0.119940 0.814063 0.134016 0.810938 0.134016 0.809375 0.131201 0.810938 0.131201 0.818750 0.145277 0.817188 0.142462 0.815625 0.142462 0.820312 0.142462 0.825000 0.156538 0.823437 0.153723 0.828125 0.153723 0.842188 0.176245 0.842188 0.181875 0.840625 0.181875 0.837500 0.176245 0.837500 0.173430 0.835938 0.170614 0.834375 0.170614 0.831250 0.164984 0.834375 0.164984 0.845313 0.190321 0.845313 0.184691 0.846875 0.184691 0.879688 0.235365 0.882812 0.240996 0.884375 0.240996 0.885937 0.243811 0.885937 0.246626 0.882812 0.246626 0.881250 0.243811 0.881250 0.240996 0.879688 0.238181 0.878125 0.238181 0.876563 0.235365 0.875000 0.235365 0.875000 0.232550 0.871875 0.226920 0.870312 0.226920 0.862500 0.212843 0.860938 0.212843 0.859375 0.210028 0.864063 0.210028 0.925000 0.311377 0.925000 0.308562 0.923438 0.305747 0.921875 0.305747 0.918750 0.300116 0.918750 0.297301 0.917187 0.294486 0.914062 0.294486 0.904688 0.277594 0.903125 0.277594 0.903125 0.274779 0.900000 0.269149 0.896875 0.269149 0.895313 0.266333 0.895313 0.260703 0.893750 0.257887 0.889063 0.257887 0.889063 0.252257 0.890625 0.252257 0.945312 0.336715 0.943750 0.336715 0.942188 0.333900 0.940625 0.333900 0.939063 0.331084 0.939063 0.328269 0.937500 0.325454 0.932812 0.325454 0.932812 0.319823 0.934375 0.319823 0.950000 0.347976 0.948437 0.345161 0.953125 0.345161 0.959375 0.362052 0.956250 0.356422 0.959375 0.356422 0.964062 0.364867 0.967188 0.370498
0 0.934375 0.000000 0.934375 0.012960 0.940625 0.012960 0.945312 0.021405 0.948437 0.021405 0.950000 0.024221 0.951563 0.024221 0.953125 0.027036 0.953125 0.029851 0.954688 0.029851 0.957813 0.035482 0.959375 0.035482 0.965625 0.046743 0.968750 0.046743 0.970313 0.049558 0.970313 0.052373 0.971875 0.055189 0.973438 0.055189 0.975000 0.058004 0.976562 0.058004 0.981250 0.066450 0.982813 0.066450 0.984375 0.069265 0.985938 0.069265 0.989063 0.074895 0.989063 0.077711 0.993750 0.077711 0.996875 0.083341 0.998438 0.083341 0.998438 0.074895 0.992188 0.074895 0.985938 0.063634 0.984375 0.063634 0.982813 0.060819 0.981250 0.060819 0.979687 0.058004 0.979687 0.055189 0.978125 0.052373 0.975000 0.052373 0.973438 0.049558 0.971875 0.049558 0.970313 0.046743 0.970313 0.043928 0.968750 0.041112 0.967188 0.041112 0.960938 0.029851 0.959375 0.029851 0.957813 0.027036 0.954688 0.027036 0.953125 0.024221 0.953125 0.021405 0.951563 0.018590 0.950000 0.018590 0.945312 0.010144 0.945312 0.000000
