0 0.438900 0.677942 0.048842 0.109380 0 0.904113 0
0 0.529039 0.910970 0.050339 0.090942 0 0.895375 0
0 0.280192 0.149472 0.040602 0.067032 0 0.861895 0
0 0.447977 0.548212 0.048443 0.095369 0 0.867614 1
0 0.296507 0.334432 0.038639 0.105728 0 0.850900 1
0 0.339136 0.485956 0.031977 0.107756 0 0.799611 1
0 0.220238 0.415876 0.027747 0.109125 0 0.763031 1
0 0.333769 0.387453 0.031421 0.101879 0 0.725020 1
0 0.229392 0.389166 0.020759 0.096490 0 0.717392 1
0 0.346008 0.406177 0.032387 0.086810 0 0.690878 1
0 0.340259 0.445049 0.033510 0.087556 0 0.628079 1
0 0.599343 0.367934 0.032456 0.093807 1 0.878800 0
0 0.605036 0.908349 0.033218 0.102299 1 0.878370 0
0 0.701685 0.266146 0.024696 0.095622 1 0.869533 0
0 0.683161 0.611496 0.027898 0.095154 1 0.851190 0
0 0.339105 0.129359 0.022703 0.081967 1 0.840207 0
0 0.399235 0.329435 0.042814 0.076368 1 0.877945 1
0 0.453578 0.490186 0.044494 0.096413 1 0.865102 1
0 0.407050 0.450615 0.043436 0.092155 1 0.863307 1
0 0.336439 0.297463 0.043072 0.082371 1 0.862659 1
0 0.509925 0.365889 0.023006 0.104485 1 0.853442 1
0 0.370648 0.382407 0.041375 0.093274 1 0.807610 1
