0 0.502490 0.911862 0.049205 0.093072 0.915542
0 0.603930 0.899952 0.034070 0.105292 0.891957
0 0.418335 0.688201 0.049587 0.115480 0.889507
0 0.662954 0.620612 0.034056 0.103909 0.873719
0 0.606895 0.352667 0.027241 0.095280 0.872303
0 0.419292 0.328343 0.048726 0.086552 0.871632
0 0.705745 0.268685 0.026902 0.099720 0.871202
0 0.424959 0.562966 0.047380 0.093748 0.862902
0 0.513080 0.367705 0.026080 0.106050 0.861391
0 0.259097 0.146848 0.044138 0.072070 0.861140
0 0.362793 0.299521 0.048588 0.078282 0.851383
0 0.312280 0.338077 0.030576 0.111604 0.849311
0 0.451777 0.493597 0.041028 0.101134 0.837470
0 0.350400 0.473157 0.038505 0.102667 0.833308
0 0.420661 0.453632 0.034432 0.087972 0.829621
0 0.341111 0.123772 0.026540 0.096223 0.819783
0 0.383019 0.386733 0.034960 0.104577 0.816129
0 0.232870 0.415716 0.033472 0.110227 0.799403
0 0.339227 0.378604 0.030678 0.090440 0.783308
0 0.349823 0.427107 0.035409 0.085553 0.654781
0 0.359711 0.395444 0.032808 0.082454 0.651612
0 0.227364 0.387358 0.026154 0.096898 0.637064
0 0.352869 0.414397 0.037164 0.079183 0.437651
0 0.347340 0.440884 0.035981 0.089881 0.267272
