0 0.604658 0.894182 0.033115 0.114456 0.888231
0 0.404562 0.561129 0.051017 0.101096 0.887496
0 0.498811 0.903566 0.043615 0.117078 0.885521
0 0.384722 0.310307 0.045347 0.069682 0.882820
0 0.634219 0.624864 0.030788 0.102256 0.881818
0 0.255085 0.140736 0.037827 0.093644 0.880508
0 0.411624 0.683287 0.044186 0.123768 0.879683
0 0.526689 0.383798 0.023971 0.111160 0.878526
0 0.633173 0.332861 0.026367 0.102708 0.858336
0 0.326804 0.352699 0.036042 0.089419 0.852056
0 0.430931 0.310753 0.029803 0.104127 0.844526
0 0.724947 0.288536 0.020938 0.107641 0.844141
0 0.450784 0.490345 0.048676 0.103030 0.840769
0 0.343919 0.120358 0.024016 0.098559 0.837528
0 0.404199 0.386592 0.045589 0.075571 0.833558
0 0.368383 0.467224 0.039530 0.103779 0.823287
0 0.236980 0.416912 0.028570 0.106739 0.803078
0 0.343325 0.389176 0.033794 0.083964 0.797615
0 0.225722 0.386134 0.025038 0.085931 0.769857
0 0.359352 0.439173 0.033494 0.097929 0.766725
0 0.429005 0.459496 0.035030 0.073305 0.723335
0 0.374081 0.409146 0.033362 0.071497 0.698727
0 0.361479 0.420880 0.039567 0.086331 0.437653
0 0.370854 0.419707 0.035229 0.094254 0.357543
0 0.236225 0.387655 0.025190 0.093096 0.336135
