0 0.648539 0.491378 0.033814 0.077985 0 0.888445 0
0 0.493194 0.642354 0.026443 0.092492 0 0.876342 0
0 0.496041 0.202177 0.029836 0.063796 0 0.804980 0
0 0.709133 0.934310 0.030503 0.100207 0 0.485509 0
0 0.127147 0.486813 0.023558 0.071912 0 0.867150 1
0 0.183545 0.431339 0.028125 0.057633 0 0.806119 1
0 0.219018 0.504632 0.030966 0.079743 0 0.788034 1
0 0.140580 0.360562 0.027895 0.085614 0 0.784721 1
0 0.246620 0.451842 0.024800 0.083898 0 0.766066 1
0 0.132471 0.340210 0.027453 0.074309 0 0.721830 1
0 0.244362 0.407573 0.021736 0.074473 0 0.654408 1
0 0.767488 0.567240 0.021398 0.093575 1 0.884799 0
0 0.497255 0.325718 0.027362 0.068534 1 0.874757 0
0 0.551399 0.517004 0.036835 0.075716 1 0.868314 0
0 0.630907 0.403161 0.038926 0.081668 1 0.857741 0
0 0.413811 0.177337 0.028000 0.075082 1 0.846875 0
0 0.681664 0.221878 0.024882 0.070781 1 0.818217 0
0 0.701729 0.896596 0.034206 0.080383 1 0.768446 0
0 0.241113 0.523064 0.039883 0.091054 1 0.815309 1
0 0.210709 0.421341 0.027476 0.068750 1 0.811981 1
0 0.278939 0.425952 0.022557 0.094091 1 0.794917 1
0 0.260761 0.423477 0.022833 0.084921 1 0.701627 1
