0 0.690590 0.496035 0.034552 0.073218 0 0.877170 0
0 0.537208 0.215849 0.028302 0.051202 0 0.843938 0
0 0.485292 0.651836 0.028671 0.093040 0 0.791326 0
0 0.109699 0.503618 0.021627 0.085816 0 0.845176 1
0 0.231237 0.423697 0.019496 0.085062 0 0.800913 1
0 0.241591 0.452224 0.027209 0.084362 0 0.796328 1
0 0.192067 0.521850 0.029063 0.081076 0 0.791320 1
0 0.129650 0.363828 0.034604 0.085018 0 0.714809 1
0 0.122106 0.354104 0.024293 0.075764 0 0.615915 1
0 0.163350 0.465917 0.050831 0.038051 0 0.567408 1
0 0.123895 0.365371 0.028753 0.081853 0 0.471787 1
0 0.431701 0.174960 0.025448 0.072754 1 0.880767 0
0 0.793041 0.576631 0.031661 0.075552 1 0.877498 0
0 0.553365 0.546008 0.022052 0.079072 1 0.859452 0
0 0.497520 0.338345 0.018438 0.072657 1 0.858795 0
0 0.655186 0.413262 0.030669 0.080317 1 0.852234 0
0 0.693973 0.225369 0.021091 0.062404 1 0.838810 0
0 0.207606 0.542785 0.026263 0.091137 1 0.803746 1
0 0.189055 0.450666 0.024788 0.070337 1 0.782282 1
0 0.271606 0.424368 0.021130 0.093614 1 0.757238 1
0 0.256389 0.427906 0.021467 0.084693 1 0.638775 1
0 0.246192 0.446942 0.028002 0.094999 1 0.284676 1
