0 0.507809 0.639457 0.028937 0.102121 0 0.863514 0
0 0.575876 0.513322 0.041219 0.097594 0 0.858318 0
0 0.637138 0.940080 0.051690 0.110248 0 0.843785 0
0 0.405758 0.192204 0.032044 0.082718 0 0.833403 0
0 0.131629 0.463508 0.031661 0.093398 0 0.874755 1
0 0.226463 0.394029 0.037710 0.086991 0 0.794051 1
0 0.264093 0.495359 0.029499 0.094745 0 0.791836 1
0 0.188387 0.336470 0.043245 0.097390 0 0.746359 1
0 0.261814 0.411723 0.032174 0.093581 0 0.620786 1
0 0.269982 0.431608 0.033465 0.092362 0 0.602813 1
0 0.265074 0.447710 0.031272 0.090119 0 0.516313 1
0 0.747265 0.580446 0.041579 0.086755 1 0.881848 0
0 0.494534 0.326681 0.024940 0.091480 1 0.870627 0
0 0.534257 0.495068 0.039329 0.081712 1 0.861707 0
0 0.624196 0.387518 0.031040 0.086999 1 0.861332 0
0 0.379382 0.173970 0.032353 0.087624 1 0.851416 0
0 0.686235 0.226473 0.022259 0.090062 1 0.832389 0
0 0.659231 0.918269 0.025763 0.082356 1 0.774545 0
0 0.292394 0.411308 0.032218 0.093944 1 0.784164 1
0 0.294118 0.497832 0.034506 0.100067 1 0.782617 1
0 0.173659 0.312475 0.027849 0.073313 1 0.719400 1
0 0.245512 0.386223 0.030862 0.069953 1 0.611050 1
