0 0.792755 0.575959 0.035867 0.079177
0 0.429730 0.174967 0.021569 0.069373
0 0.552894 0.537561 0.025590 0.075880
0 0.684066 0.495195 0.021536 0.071776
0 0.653783 0.407050 0.024136 0.069158
0 0.688664 0.224803 0.030967 0.064544
0 0.498089 0.332896 0.017188 0.065505
0 0.524023 0.214484 0.032775 0.053012
0 0.117297 0.498940 0.022387 0.078400
0 0.214199 0.541450 0.027670 0.085334
0 0.487214 0.647772 0.029231 0.087079
0 0.133568 0.369729 0.037184 0.080252
0 0.243318 0.454238 0.028741 0.087929
0 0.235271 0.419511 0.022219 0.083431
0 0.275577 0.427752 0.020642 0.093540
0 0.203449 0.512745 0.024531 0.078874
0 0.196575 0.443370 0.023055 0.070003
0 0.259656 0.428221 0.020347 0.082415
0 0.124568 0.349360 0.025842 0.080739
0 0.167927 0.464946 0.049642 0.034360
