0 0.638049 0.622290 0.031250 0.097615 1
0 0.603129 0.895280 0.034374 0.113936 1
0 0.411559 0.683978 0.044644 0.124025 0
0 0.628856 0.338067 0.030014 0.098850 1
0 0.404346 0.562480 0.050987 0.101743 0
0 0.498356 0.904039 0.044242 0.118124 0
0 0.722039 0.284378 0.030953 0.108003 1
0 0.254931 0.141334 0.037515 0.092633 0
0 0.384317 0.311222 0.045419 0.069273 1
0 0.523491 0.380408 0.023701 0.111832 1
0 0.428957 0.316907 0.030217 0.099293 1
0 0.326533 0.353146 0.035371 0.089642 0
0 0.342624 0.122058 0.023395 0.098169 1
0 0.451185 0.491648 0.047576 0.101923 1
0 0.404293 0.387095 0.045823 0.075264 1
0 0.367376 0.470642 0.038493 0.100068 0
0 0.236329 0.416312 0.028736 0.109071 0
0 0.343042 0.389916 0.034036 0.083740 0
0 0.225789 0.386528 0.025571 0.086648 0
0 0.358118 0.442089 0.032233 0.094597 0
0 0.428580 0.459633 0.034846 0.073298 1
0 0.375366 0.411184 0.034429 0.071000 0
0 0.363239 0.416954 0.041226 0.077287 0
0 0.379084 0.404893 0.034881 0.083164 0
