0 0.501435 0.651489 0.037079 0.101258 0.885125
0 0.512039 0.494571 0.030380 0.088797 0.878799
0 0.544822 0.532666 0.036530 0.103724 0.866977
0 0.729370 0.591486 0.034641 0.091954 0.866201
0 0.682809 0.235498 0.024958 0.087227 0.863573
0 0.611073 0.387130 0.032858 0.094555 0.863315
0 0.134214 0.452124 0.029942 0.089080 0.857989
0 0.222173 0.398434 0.036252 0.081532 0.851547
0 0.491840 0.345504 0.023262 0.099534 0.847738
0 0.307656 0.495653 0.037739 0.095890 0.814119
0 0.274124 0.496840 0.041220 0.102703 0.805294
0 0.606006 0.948658 0.057883 0.102684 0.800725
0 0.198448 0.331615 0.034959 0.100724 0.795377
0 0.635690 0.930988 0.028638 0.093411 0.793524
0 0.295088 0.413259 0.024410 0.090419 0.793363
0 0.353534 0.168313 0.042876 0.082848 0.789991
0 0.367787 0.191356 0.030901 0.085925 0.786995
0 0.263170 0.427094 0.031438 0.094900 0.691965
0 0.264298 0.382697 0.033882 0.079388 0.673057
0 0.271717 0.454786 0.035708 0.097011 0.559654
0 0.270343 0.473337 0.037047 0.096170 0.556380
0 0.201372 0.317720 0.031605 0.086407 0.497479
0 0.205567 0.314313 0.027999 0.081918 0.493711
0 0.278953 0.418219 0.026222 0.088346 0.471218
