0 0.501435 0.651489 0.037079 0.101258 0 0.885125 0
0 0.544822 0.532666 0.036530 0.103724 0 0.866977 0
0 0.606006 0.948658 0.057883 0.102684 0 0.800725 0
0 0.367787 0.191356 0.030901 0.085925 0 0.786995 0
0 0.134214 0.452124 0.029942 0.089080 0 0.857989 1
0 0.222173 0.398434 0.036252 0.081532 0 0.851547 1
0 0.274124 0.496840 0.041220 0.102703 0 0.805294 1
0 0.198448 0.331615 0.034959 0.100724 0 0.795377 1
0 0.263170 0.427094 0.031438 0.094900 0 0.691965 1
0 0.271717 0.454786 0.035708 0.097011 0 0.559654 1
0 0.270343 0.473337 0.037047 0.096170 0 0.556380 1
0 0.512039 0.494571 0.030380 0.088797 1 0.878799 0
0 0.729370 0.591486 0.034641 0.091954 1 0.866201 0
0 0.682809 0.235498 0.024958 0.087227 1 0.863573 0
0 0.611073 0.387130 0.032858 0.094555 1 0.863315 0
0 0.491840 0.345504 0.023262 0.099534 1 0.847738 0
0 0.635690 0.930988 0.028638 0.093411 1 0.793524 0
0 0.353534 0.168313 0.042876 0.082848 1 0.789991 0
0 0.307656 0.495653 0.037739 0.095890 1 0.814119 1
0 0.295088 0.413259 0.024410 0.090419 1 0.793363 1
0 0.264298 0.382697 0.033882 0.079388 1 0.673057 1
