0 0.498807 0.903585 0.044699 0.119876 0.892656
0 0.404938 0.561081 0.050884 0.101901 0.892359
0 0.605494 0.894266 0.032557 0.114329 0.892296
0 0.634212 0.626730 0.031299 0.103904 0.885591
0 0.385300 0.311080 0.045567 0.068916 0.882385
0 0.255375 0.141139 0.037968 0.092856 0.881494
0 0.528842 0.385481 0.023763 0.107703 0.880037
0 0.412429 0.683457 0.044064 0.122084 0.878082
0 0.729296 0.293775 0.024890 0.106312 0.875992
0 0.638154 0.328987 0.024719 0.102195 0.863526
0 0.326915 0.353009 0.035692 0.089350 0.854973
0 0.451493 0.490697 0.047941 0.102889 0.840116
0 0.344925 0.119181 0.024386 0.101158 0.835590
0 0.368850 0.467505 0.039981 0.104967 0.829827
0 0.436291 0.307244 0.020850 0.105336 0.828756
0 0.404570 0.387549 0.046000 0.076707 0.827412
0 0.237926 0.416310 0.027135 0.108236 0.806708
0 0.343560 0.388001 0.033558 0.081113 0.795633
0 0.360705 0.438037 0.033374 0.097639 0.781292
0 0.226250 0.386582 0.025185 0.088608 0.765188
0 0.429421 0.459330 0.035549 0.071992 0.723117
0 0.374618 0.408786 0.032248 0.070598 0.678868
0 0.368911 0.425309 0.037569 0.098464 0.346893
