0 0.404451 0.561386 0.050931 0.100958 0
0 0.498527 0.903189 0.043904 0.118832 0
0 0.634986 0.623381 0.031390 0.100130 1
0 0.525850 0.383337 0.024436 0.111859 1
0 0.255122 0.140939 0.037798 0.093127 0
0 0.384707 0.310652 0.045600 0.069993 1
0 0.411670 0.683391 0.044227 0.123855 0
0 0.604159 0.894818 0.033568 0.114463 1
0 0.632229 0.335743 0.027331 0.101602 1
0 0.723639 0.286332 0.022733 0.107445 1
0 0.326751 0.352655 0.035984 0.089459 0
0 0.343332 0.121118 0.023749 0.098824 1
0 0.430028 0.314371 0.030630 0.102924 1
0 0.450617 0.490425 0.048727 0.102839 1
0 0.404063 0.386328 0.045434 0.075031 1
0 0.368393 0.467976 0.039738 0.103205 0
0 0.236622 0.416491 0.028979 0.107524 0
0 0.343187 0.389620 0.033641 0.084615 0
0 0.225701 0.386153 0.025102 0.085261 0
0 0.359107 0.440761 0.033297 0.096309 0
0 0.428947 0.459269 0.035170 0.073362 1
0 0.374137 0.409983 0.033859 0.072395 0
0 0.363398 0.418244 0.041769 0.082722 0
0 0.236174 0.388287 0.025711 0.093883 0
0 0.371888 0.419247 0.035199 0.095595 0
