0 0.735041 0.589725 0.031826 0.096812 1
0 0.503641 0.647819 0.029526 0.100382 0
0 0.380645 0.195577 0.031685 0.084254 0
0 0.493440 0.340970 0.021336 0.097360 1
0 0.517579 0.495661 0.034059 0.091360 1
0 0.681704 0.232363 0.028307 0.087324 1
0 0.553551 0.528028 0.040431 0.104929 0
0 0.130345 0.458159 0.033386 0.099386 0
0 0.616046 0.387493 0.026911 0.091688 1
0 0.361102 0.167331 0.040697 0.075849 1
0 0.226236 0.399444 0.045113 0.083704 0
0 0.272990 0.501129 0.036904 0.103050 0
0 0.304021 0.497439 0.036647 0.102969 1
0 0.616508 0.949048 0.046128 0.101904 0
0 0.293415 0.414071 0.026123 0.093533 1
0 0.641010 0.922303 0.030323 0.076859 1
0 0.192905 0.331257 0.041513 0.099654 0
0 0.267055 0.467260 0.034589 0.095373 0
0 0.265453 0.423356 0.032762 0.095295 0
0 0.258651 0.385407 0.031367 0.073664 1
0 0.188086 0.317079 0.023720 0.082345 1
0 0.269561 0.449485 0.036262 0.092083 0
0 0.261610 0.399223 0.032653 0.093341 0
0 0.200963 0.319054 0.031036 0.082728 0
0 0.272370 0.432657 0.032286 0.094317 0
