0 0.498274 0.903874 0.043907 0.118071 0 0.884412 0
0 0.411668 0.684276 0.044808 0.124280 0 0.881076 0
0 0.254653 0.141305 0.037337 0.094216 0 0.873696 0
0 0.403780 0.561915 0.051417 0.101941 0 0.881346 1
0 0.326160 0.352580 0.035570 0.088326 0 0.844832 1
0 0.366811 0.471662 0.038750 0.100337 0 0.811760 1
0 0.235991 0.417189 0.028714 0.107023 0 0.807177 1
0 0.342631 0.392203 0.033525 0.086798 0 0.799558 1
0 0.225943 0.386518 0.025244 0.086845 0 0.762850 1
0 0.358082 0.441913 0.032589 0.095401 0 0.745024 1
0 0.375700 0.411279 0.033322 0.070928 0 0.695514 1
0 0.640104 0.623073 0.031895 0.098134 1 0.894373 0
0 0.602841 0.895503 0.034029 0.114145 1 0.888504 0
0 0.625489 0.338314 0.026844 0.099628 1 0.872441 0
0 0.721339 0.283078 0.029118 0.108188 1 0.865841 0
0 0.341888 0.121748 0.022462 0.098550 1 0.844698 0
0 0.383799 0.310993 0.045100 0.068697 1 0.866731 1
0 0.522532 0.377687 0.023102 0.109934 1 0.851200 1
0 0.427085 0.315821 0.032159 0.100241 1 0.847039 1
0 0.451904 0.493849 0.045344 0.097970 1 0.833883 1
0 0.403479 0.387200 0.045234 0.075575 1 0.815144 1
0 0.428853 0.459765 0.035217 0.072599 1 0.743641 1
