0 0.432813 0.967333 0.432813 0.975779 0.439062 0.975779 0.439062 0.967333 0.432813 0.967333 0.426563 0.944811 0.426563 0.947627 0.428125 0.950442 0.428125 0.958888 0.421875 0.941996 0.420313 0.939181 0.420313 0.936366 0.418750 0.933550 0.418750 0.927920 0.414062 0.905398 0.415625 0.908213 0.415625 0.922289 0.414062 0.919474 0.414062 0.913844 0.403125 0.865984 0.403125 0.871615 0.404688 0.874430 0.404688 0.880060 0.406250 0.882876 0.407812 0.882876 0.409375 0.885691 0.409375 0.894137 0.410938 0.896952 0.410938 0.899767 0.409375 0.899767 0.407812 0.896952 0.396875 0.849093 0.396875 0.851908 0.398438 0.854723 0.398438 0.857538 0.390625 0.826570 0.390625 0.837831 0.389063 0.835016 0.384375 0.806864 0.384375 0.815309 0.382812 0.812494 0.378125 0.784341 0.378125 0.795603 0.378125 0.792787 0.376562 0.789972 0.371875 0.767450 0.371875 0.775896 0.370313 0.773080 0.365625 0.747743 0.365625 0.753374 0.364063 0.753374 0.359375 0.728036 0.359375 0.733667 0.357813 0.730852 0.353125 0.705514 0.353125 0.711145 0.351562 0.708329 0.346875 0.682992 0.346875 0.688623 0.345313 0.688623 0.340625 0.660470 0.340625 0.671731 0.339063 0.668916 0.334375 0.637948 0.334375 0.649209 0.332813 0.646394 0.328125 0.618241 0.328125 0.629502 0.326563 0.629502 0.321875 0.598534 0.321875 0.609795 0.320312 0.606980 0.315625 0.578827 0.315625 0.590088 0.314063 0.587273 0.309375 0.556305 0.309375 0.570382 0.309375 0.567566 0.307813 0.564751 0.307813 0.561936 0.306250 0.559121 0.307813 0.556305 0.303125 0.536598 0.303125 0.550675 0.303125 0.547859 0.301563 0.545044 0.301563 0.539414 0.300000 0.536598 0.296875 0.514076 0.296875 0.528153 0.295313 0.525337 0.295313 0.519707 0.293750 0.516892 0.293750 0.514076 0.289062 0.491554 0.290625 0.494369 0.290625 0.500000 0.292188 0.502815 0.292188 0.505631 0.290625 0.508446 0.245313 0.350791 0.246875 0.353606 0.246875 0.356422 0.248438 0.359237 0.248438 0.367683 0.250000 0.370498 0.251563 0.370498 0.251563 0.373313 0.253125 0.376128 0.253125 0.378944 0.254687 0.381759 0.254687 0.390205 0.256250 0.393020 0.257812 0.393020 0.259375 0.395835 0.259375 0.401466 0.260938 0.404281 0.260938 0.409912 0.262500 0.412727 0.264063 0.412727 0.264063 0.415542 0.265625 0.418357 0.265625 0.421173 0.267188 0.423988 0.267188 0.426803 0.271875 0.435249 0.271875 0.440880 0.273438 0.443695 0.273438 0.446510 0.278125 0.454956 0.278125 0.457771 0.279688 0.460586 0.279688 0.466217 0.232813 0.311377 0.234375 0.314193 0.234375 0.319823 0.235938 0.322639 0.235938 0.328269 0.237500 0.331084 0.239062 0.331084 0.240625 0.333900 0.240625 0.347976 0.240625 0.345161 0.239062 0.342345 0.239062 0.339530 0.226562 0.291671 0.228125 0.294486 0.228125 0.297301 0.229688 0.300116 0.229688 0.305747 0.228125 0.308562 0.221875 0.274779 0.221875 0.277594 0.223437 0.280410 0.223437 0.283225 0.215625 0.255072 0.215625 0.266333 0.215625 0.263518 0.214063 0.260703 0.209375 0.232550 0.209375 0.240996 0.210938 0.243811 0.210938 0.246626 0.209375 0.246626 0.207812 0.243811 0.207812 0.238181 0.201563 0.210028 0.203125 0.212843 0.203125 0.218474 0.204688 0.221289 0.204688 0.226920 0.203125 0.226920 0.195312 0.193136 0.196875 0.195952 0.196875 0.204397 0.190625 0.173430 0.190625 0.184691 0.189063 0.181875 0.189063 0.179060 0.187500 0.176245 0.189063 0.173430 0.182813 0.156538 0.182813 0.153723 0.178125 0.148092 0.179688 0.145277 0.179688 0.134016 0.171875 0.134016 0.171875 0.148092 0.178125 0.148092 0.182813 0.153723 0.182813 0.156538 0.189063 0.173430 0.189063 0.170614 0.190625 0.173430 0.196875 0.204397 0.195312 0.201582 0.195312 0.190321 0.195312 0.193136 0.203125 0.226920 0.201563 0.224104 0.201563 0.215659 0.200000 0.212843 0.200000 0.210028 0.201563 0.210028 0.207812 0.238181 0.206250 0.235365 0.206250 0.232550 0.207812 0.229735 0.209375 0.232550 0.214063 0.260703 0.214063 0.252257 0.215625 0.255072 0.223437 0.283225 0.221875 0.286040 0.220313 0.283225 0.220313 0.271964 0.221875 0.274779 0.228125 0.308562 0.228125 0.305747 0.226562 0.302932 0.226562 0.294486 0.225000 0.291671 0.226562 0.288855 0.226562 0.291671 0.239062 0.339530 0.237500 0.336715 0.237500 0.331084 0.235938 0.328269 0.234375 0.328269 0.232813 0.325454 0.232813 0.317008 0.231250 0.314193 0.231250 0.311377 0.232813 0.311377 0.279688 0.466217 0.281250 0.469032 0.282813 0.469032 0.284375 0.471847 0.284375 0.477478 0.285938 0.480293 0.285938 0.485924 0.284375 0.485924 0.282813 0.483108 0.282813 0.474663 0.281250 0.471847 0.281250 0.469032 0.279688 0.466217 0.278125 0.466217 0.275000 0.460586 0.275000 0.454956 0.270313 0.446510 0.270313 0.443695 0.268750 0.440880 0.268750 0.438064 0.264063 0.429618 0.264063 0.423988 0.262500 0.421173 0.262500 0.415542 0.260938 0.412727 0.259375 0.412727 0.259375 0.409912 0.257812 0.407096 0.257812 0.395835 0.254687 0.390205 0.253125 0.390205 0.251563 0.387390 0.251563 0.381759 0.250000 0.378944 0.250000 0.373313 0.245313 0.364867 0.245313 0.362052 0.243750 0.359237 0.243750 0.350791 0.245313 0.350791 0.290625 0.508446 0.289062 0.505631 0.289062 0.497185 0.287500 0.494369 0.287500 0.491554 0.289062 0.491554 0.293750 0.514076 0.295313 0.511261 0.296875 0.514076 0.300000 0.536598 0.301563 0.533783 0.303125 0.536598 0.307813 0.556305 0.307813 0.553490 0.309375 0.556305 0.314063 0.587273 0.314063 0.576012 0.315625 0.578827 0.320312 0.606980 0.320312 0.595719 0.321875 0.598534 0.326563 0.629502 0.326563 0.615426 0.328125 0.618241 0.332813 0.646394 0.332813 0.637948 0.334375 0.637948 0.339063 0.668916 0.339063 0.657655 0.340625 0.660470 0.345313 0.688623 0.345313 0.680177 0.346875 0.682992 0.351562 0.708329 0.351562 0.702699 0.353125 0.705514 0.357813 0.730852 0.357813 0.725221 0.359375 0.728036 0.364063 0.753374 0.364063 0.747743 0.365625 0.747743 0.370313 0.773080 0.370313 0.764635 0.371875 0.767450 0.376562 0.789972 0.376562 0.784341 0.378125 0.784341 0.382812 0.812494 0.382812 0.804048 0.384375 0.806864 0.389063 0.835016 0.389063 0.823755 0.390625 0.826570 0.398438 0.857538 0.396875 0.860354 0.395313 0.857538 0.395313 0.846277 0.396875 0.849093 0.407812 0.896952 0.407812 0.891321 0.406250 0.888506 0.406250 0.882876 0.404688 0.880060 0.403125 0.880060 0.401563 0.877245 0.401563 0.868799 0.400000 0.865984 0.401563 0.863169 0.403125 0.865984 0.414062 0.913844 0.412500 0.911028 0.412500 0.905398 0.414062 0.905398 0.418750 0.927920 0.420313 0.925105 0.421875 0.927920 0.421875 0.941996 0.428125 0.958888 0.426563 0.956072 0.426563 0.947627 0.425000 0.944811 0.426563 0.944811
0 0.132812 0.956072 0.132812 0.972964 0.134375 0.975779 0.134375 0.978595 0.134375 0.961703 0.132812 0.958888 0.132812 0.956072 0.126563 0.927920 0.128125 0.930735 0.128125 0.947627 0.121875 0.896952 0.121875 0.905398 0.123437 0.908213 0.114063 0.865984 0.115625 0.868799 0.115625 0.874430 0.117188 0.877245 0.117188 0.885691 0.115625 0.888506 0.115625 0.885691 0.114063 0.882876 0.107812 0.835016 0.109375 0.837831 0.109375 0.846277 0.110938 0.849093 0.110938 0.857538 0.109375 0.857538 0.107812 0.854723 0.101562 0.804048 0.103125 0.806864 0.103125 0.815309 0.104688 0.818125 0.104688 0.823755 0.103125 0.826570 0.096875 0.775896 0.096875 0.781526 0.098438 0.784341 0.090625 0.744928 0.090625 0.750558 0.092187 0.753374 0.090625 0.756189 0.090625 0.764635 0.090625 0.761819 0.089063 0.759004 0.082813 0.711145 0.084375 0.713960 0.084375 0.722406 0.085938 0.725221 0.085938 0.733667 0.084375 0.736482 0.084375 0.733667 0.078125 0.682992 0.078125 0.691438 0.079688 0.694253 0.079688 0.699884 0.078125 0.702699 0.076563 0.699884 0.070312 0.652024 0.071875 0.654839 0.071875 0.657655 0.073438 0.660470 0.073438 0.668916 0.071875 0.671731 0.071875 0.674546 0.064063 0.621056 0.065625 0.623872 0.065625 0.635133 0.067188 0.637948 0.067188 0.640763 0.065625 0.643578 0.060938 0.612610 0.060938 0.604165 0.059375 0.601349 0.059375 0.592904 0.057812 0.590088 0.057812 0.587273 0.056250 0.587273 0.054688 0.584458 0.054688 0.570382 0.053125 0.567566 0.053125 0.561936 0.051563 0.559121 0.050000 0.559121 0.048438 0.556305 0.048438 0.539414 0.046875 0.536598 0.046875 0.530968 0.045313 0.528153 0.043750 0.528153 0.042188 0.525337 0.042188 0.514076 0.040625 0.511261 0.040625 0.502815 0.039062 0.500000 0.039062 0.497185 0.035938 0.491554 0.035938 0.480293 0.034375 0.477478 0.034375 0.471847 0.032813 0.469032 0.032813 0.466217 0.031250 0.466217 0.029688 0.463402 0.029688 0.452141 0.028125 0.449325 0.028125 0.443695 0.026563 0.440880 0.026563 0.438064 0.025000 0.438064 0.023438 0.435249 0.023438 0.423988 0.021875 0.421173 0.021875 0.412727 0.020313 0.409912 0.020313 0.407096 0.018750 0.407096 0.017188 0.404281 0.017188 0.390205 0.015625 0.387390 0.015625 0.384574 0.014063 0.381759 0.014063 0.378944 0.010938 0.373313 0.010938 0.364867 0.009375 0.362052 0.009375 0.353606 0.007812 0.350791 0.007812 0.347976 0.003125 0.347976 0.003125 0.378944 0.009375 0.378944 0.012500 0.384574 0.012500 0.395835 0.014063 0.398651 0.014063 0.401466 0.015625 0.404281 0.015625 0.407096 0.017188 0.407096 0.018750 0.409912 0.018750 0.421173 0.020313 0.423988 0.020313 0.429618 0.021875 0.432434 0.021875 0.435249 0.025000 0.440880 0.025000 0.452141 0.026563 0.454956 0.026563 0.460586 0.028125 0.463402 0.028125 0.466217 0.029688 0.466217 0.031250 0.469032 0.031250 0.483108 0.032813 0.485924 0.032813 0.491554 0.037500 0.500000 0.037500 0.508446 0.039062 0.511261 0.039062 0.519707 0.040625 0.522522 0.040625 0.525337 0.042188 0.525337 0.043750 0.528153 0.043750 0.542229 0.045313 0.545044 0.045313 0.550675 0.046875 0.553490 0.046875 0.556305 0.048438 0.556305 0.050000 0.559121 0.050000 0.573197 0.051563 0.576012 0.051563 0.578827 0.053125 0.581643 0.053125 0.584458 0.054688 0.584458 0.056250 0.587273 0.056250 0.598534 0.057812 0.601349 0.057812 0.609795 0.059375 0.612610 0.059375 0.615426 0.060938 0.612610 0.065625 0.643578 0.064063 0.640763 0.064063 0.632317 0.062500 0.629502 0.062500 0.621056 0.064063 0.618241 0.064063 0.621056 0.071875 0.674546 0.071875 0.671731 0.070312 0.668916 0.070312 0.663285 0.068750 0.660470 0.068750 0.652024 0.070312 0.649209 0.070312 0.652024 0.076563 0.699884 0.076563 0.688623 0.075000 0.685807 0.075000 0.682992 0.076563 0.680177 0.078125 0.682992 0.084375 0.733667 0.082813 0.730852 0.082813 0.722406 0.081250 0.719590 0.081250 0.711145 0.082813 0.708329 0.082813 0.711145 0.089063 0.759004 0.089063 0.756189 0.087500 0.753374 0.087500 0.744928 0.089063 0.742113 0.090625 0.744928 0.098438 0.784341 0.098438 0.792787 0.096875 0.795603 0.095313 0.792787 0.095313 0.773080 0.096875 0.775896 0.103125 0.826570 0.101562 0.823755 0.101562 0.812494 0.100000 0.809679 0.100000 0.804048 0.101562 0.801233 0.101562 0.804048 0.107812 0.854723 0.107812 0.846277 0.106250 0.843462 0.106250 0.835016 0.107812 0.832201 0.107812 0.835016 0.114063 0.882876 0.114063 0.877245 0.112500 0.874430 0.112500 0.868799 0.114063 0.865984 0.114063 0.863169 0.114063 0.865984 0.123437 0.908213 0.123437 0.913844 0.121875 0.916659 0.120313 0.913844 0.120313 0.894137 0.121875 0.896952 0.128125 0.947627 0.126563 0.944811 0.126563 0.925105 0.126563 0.927920
0 0.281250 0.956072 0.281250 0.964518 0.282813 0.967333 0.282813 0.972964 0.284375 0.975779 0.284375 0.978595 0.289062 0.978595 0.290625 0.981410 0.290625 0.998301 0.295313 0.998301 0.295313 0.978595 0.289062 0.978595 0.285938 0.972964 0.285938 0.967333 0.284375 0.964518 0.284375 0.958888 0.282813 0.956072 0.282813 0.953257 0.281250 0.956072 0.276563 0.936366 0.278125 0.939181 0.278125 0.950442 0.278125 0.947627 0.270313 0.908213 0.271875 0.911028 0.271875 0.919474 0.273438 0.922289 0.259375 0.860354 0.259375 0.868799 0.260938 0.871615 0.260938 0.877245 0.262500 0.880060 0.264063 0.880060 0.264063 0.882876 0.265625 0.885691 0.265625 0.894137 0.267188 0.896952 0.251563 0.835016 0.253125 0.837831 0.253125 0.851908 0.245313 0.809679 0.246875 0.812494 0.246875 0.818125 0.239062 0.784341 0.240625 0.787157 0.240625 0.801233 0.239062 0.798418 0.239062 0.789972 0.237500 0.787157 0.234375 0.761819 0.234375 0.770265 0.235938 0.773080 0.235938 0.775896 0.234375 0.778711 0.234375 0.775896 0.232813 0.773080 0.228125 0.736482 0.228125 0.753374 0.228125 0.750558 0.226562 0.747743 0.226562 0.742113 0.225000 0.739297 0.225000 0.736482 0.220313 0.711145 0.221875 0.713960 0.221875 0.716775 0.223437 0.719590 0.214063 0.682992 0.214063 0.685807 0.215625 0.688623 0.215625 0.694253 0.217188 0.697068 0.120313 0.322639 0.121875 0.325454 0.121875 0.331084 0.123437 0.333900 0.123437 0.339530 0.128125 0.347976 0.128125 0.353606 0.131250 0.359237 0.131250 0.362052 0.132812 0.364867 0.132812 0.367683 0.134375 0.370498 0.134375 0.376128 0.135938 0.378944 0.135938 0.384574 0.139063 0.390205 0.139063 0.393020 0.140625 0.395835 0.140625 0.401466 0.142188 0.404281 0.142188 0.412727 0.143750 0.415542 0.145313 0.415542 0.145313 0.418357 0.146875 0.421173 0.146875 0.423988 0.148438 0.426803 0.148438 0.435249 0.150000 0.438064 0.151563 0.438064 0.151563 0.440880 0.153125 0.443695 0.153125 0.446510 0.154688 0.449325 0.154688 0.457771 0.159375 0.466217 0.159375 0.469032 0.160938 0.471847 0.160938 0.480293 0.164062 0.485924 0.164062 0.488739 0.165625 0.491554 0.165625 0.497185 0.167188 0.500000 0.167188 0.505631 0.168750 0.508446 0.170313 0.508446 0.171875 0.511261 0.171875 0.516892 0.173438 0.519707 0.173438 0.525337 0.176563 0.530968 0.176563 0.533783 0.178125 0.536598 0.178125 0.542229 0.179688 0.545044 0.179688 0.547859 0.181250 0.550675 0.181250 0.553490 0.184375 0.559121 0.184375 0.567566 0.185938 0.570382 0.185938 0.578827 0.187500 0.581643 0.189063 0.581643 0.189063 0.584458 0.190625 0.587273 0.190625 0.592904 0.192187 0.595719 0.192187 0.604165 0.193750 0.606980 0.195312 0.606980 0.195312 0.609795 0.196875 0.612610 0.196875 0.615426 0.114063 0.302932 0.115625 0.305747 0.115625 0.311377 0.117188 0.314193 0.107812 0.277594 0.109375 0.280410 0.109375 0.286040 0.110938 0.288855 0.110938 0.291671 0.104688 0.269149 0.104688 0.266333 0.103125 0.263518 0.103125 0.255072 0.101562 0.252257 0.101562 0.249442 0.098438 0.243811 0.098438 0.240996 0.096875 0.238181 0.096875 0.232550 0.095313 0.229735 0.095313 0.226920 0.092187 0.221289 0.092187 0.215659 0.090625 0.212843 0.090625 0.207213 0.085938 0.198767 0.085938 0.190321 0.084375 0.187506 0.084375 0.184691 0.081250 0.179060 0.081250 0.176245 0.079688 0.173430 0.079688 0.164984 0.078125 0.162169 0.078125 0.159353 0.076563 0.156538 0.076563 0.145277 0.071875 0.145277 0.071875 0.179060 0.078125 0.179060 0.081250 0.184691 0.081250 0.190321 0.082813 0.193136 0.082813 0.198767 0.084375 0.201582 0.084375 0.204397 0.085938 0.204397 0.087500 0.207213 0.087500 0.212843 0.089063 0.215659 0.089063 0.221289 0.093750 0.229735 0.093750 0.235365 0.095313 0.238181 0.095313 0.243811 0.096875 0.246626 0.096875 0.249442 0.098438 0.249442 0.100000 0.252257 0.100000 0.257887 0.101562 0.260703 0.101562 0.266333 0.103125 0.269149 0.103125 0.271964 0.104688 0.269149 0.110938 0.291671 0.109375 0.294486 0.107812 0.291671 0.107812 0.280410 0.106250 0.277594 0.107812 0.274779 0.107812 0.277594 0.117188 0.314193 0.117188 0.317008 0.115625 0.317008 0.114063 0.314193 0.114063 0.300116 0.114063 0.302932 0.196875 0.615426 0.198438 0.618241 0.198438 0.626687 0.201563 0.632317 0.201563 0.635133 0.203125 0.637948 0.203125 0.646394 0.204688 0.649209 0.204688 0.652024 0.209375 0.660470 0.209375 0.668916 0.210938 0.671731 0.210938 0.677362 0.209375 0.677362 0.207812 0.674546 0.207812 0.666100 0.206250 0.663285 0.206250 0.660470 0.201563 0.652024 0.201563 0.643578 0.200000 0.640763 0.200000 0.635133 0.195312 0.626687 0.195312 0.621056 0.193750 0.618241 0.193750 0.609795 0.192187 0.606980 0.190625 0.606980 0.190625 0.604165 0.189063 0.601349 0.189063 0.595719 0.187500 0.592904 0.187500 0.584458 0.185938 0.581643 0.184375 0.581643 0.184375 0.578827 0.182813 0.576012 0.182813 0.567566 0.181250 0.564751 0.181250 0.561936 0.176563 0.553490 0.176563 0.547859 0.175000 0.545044 0.175000 0.539414 0.170313 0.530968 0.170313 0.522522 0.168750 0.519707 0.168750 0.514076 0.164062 0.505631 0.164062 0.497185 0.162500 0.494369 0.162500 0.488739 0.160938 0.485924 0.159375 0.485924 0.157813 0.483108 0.157813 0.474663 0.156250 0.471847 0.156250 0.466217 0.151563 0.457771 0.151563 0.452141 0.150000 0.449325 0.150000 0.443695 0.145313 0.435249 0.145313 0.429618 0.143750 0.426803 0.143750 0.418357 0.142188 0.415542 0.140625 0.415542 0.140625 0.412727 0.139063 0.409912 0.139063 0.407096 0.137500 0.404281 0.137500 0.398651 0.132812 0.390205 0.132812 0.384574 0.131250 0.381759 0.131250 0.378944 0.129688 0.376128 0.129688 0.373313 0.126563 0.367683 0.126563 0.359237 0.125000 0.356422 0.125000 0.347976 0.120313 0.339530 0.120313 0.328269 0.118750 0.325454 0.118750 0.322639 0.120313 0.322639 0.217188 0.697068 0.215625 0.699884 0.215625 0.702699 0.214063 0.699884 0.214063 0.688623 0.212500 0.685807 0.212500 0.682992 0.214063 0.682992 0.223437 0.719590 0.221875 0.722406 0.221875 0.728036 0.221875 0.725221 0.220313 0.722406 0.220313 0.708329 0.220313 0.711145 0.225000 0.736482 0.226562 0.733667 0.228125 0.736482 0.232813 0.773080 0.232813 0.764635 0.231250 0.761819 0.232813 0.759004 0.234375 0.761819 0.237500 0.787157 0.237500 0.784341 0.239062 0.781526 0.239062 0.784341 0.246875 0.818125 0.248438 0.820940 0.248438 0.823755 0.246875 0.826570 0.245313 0.823755 0.245313 0.806864 0.245313 0.809679 0.253125 0.851908 0.251563 0.849093 0.251563 0.832201 0.251563 0.835016 0.267188 0.896952 0.267188 0.899767 0.265625 0.902582 0.264063 0.899767 0.264063 0.891321 0.262500 0.888506 0.262500 0.882876 0.257812 0.874430 0.257812 0.868799 0.256250 0.865984 0.256250 0.860354 0.257812 0.857538 0.259375 0.860354 0.273438 0.922289 0.271875 0.925105 0.270313 0.922289 0.270313 0.911028 0.268750 0.908213 0.270313 0.908213 0.278125 0.947627 0.276563 0.944811 0.276563 0.933550 0.276563 0.936366
0 0.915625 0.514076 0.915625 0.514076 0.909375 0.502815 0.903125 0.491554 0.903125 0.494369 0.896875 0.480293 0.896875 0.483108 0.890625 0.469032 0.890625 0.471847 0.889063 0.471847 0.884375 0.457771 0.884375 0.460586 0.882812 0.460586 0.878125 0.446510 0.878125 0.449325 0.876563 0.449325 0.871875 0.435249 0.871875 0.438064 0.870312 0.438064 0.865625 0.423988 0.865625 0.426803 0.864063 0.426803 0.859375 0.412727 0.859375 0.415542 0.857813 0.415542 0.853125 0.401466 0.853125 0.404281 0.851562 0.404281 0.846875 0.390205 0.846875 0.393020 0.845313 0.393020 0.840625 0.378944 0.840625 0.381759 0.839062 0.381759 0.834375 0.370498 0.832813 0.370498 0.832813 0.367683 0.828125 0.359237 0.826563 0.359237 0.826563 0.356422 0.821875 0.347976 0.820312 0.347976 0.820312 0.345161 0.814063 0.336715 0.765625 0.255072 0.759375 0.243811 0.753125 0.232550 0.753125 0.235365 0.746875 0.221289 0.746875 0.224104 0.740625 0.210028 0.740625 0.212843 0.734375 0.198767 0.734375 0.201582 0.732813 0.201582 0.728125 0.187506 0.728125 0.190321 0.726562 0.190321 0.721875 0.176245 0.721875 0.179060 0.720313 0.179060 0.715625 0.164984 0.715625 0.167799 0.714063 0.167799 0.709375 0.153723 0.709375 0.156538 0.707813 0.156538 0.703125 0.142462 0.703125 0.145277 0.701563 0.145277 0.696875 0.134016 0.695312 0.131201 0.696875 0.134016 0.701563 0.145277 0.701563 0.142462 0.703125 0.142462 0.707813 0.156538 0.707813 0.153723 0.709375 0.153723 0.714063 0.167799 0.714063 0.164984 0.715625 0.164984 0.720313 0.179060 0.720313 0.176245 0.721875 0.176245 0.726562 0.190321 0.726562 0.187506 0.728125 0.187506 0.732813 0.201582 0.732813 0.198767 0.734375 0.198767 0.740625 0.212843 0.739063 0.210028 0.740625 0.210028 0.746875 0.224104 0.745312 0.221289 0.746875 0.221289 0.753125 0.235365 0.751563 0.232550 0.753125 0.232550 0.759375 0.243811 0.759375 0.243811 0.765625 0.255072 0.765625 0.255072 0.814063 0.336715 0.814063 0.336715 0.820312 0.345161 0.821875 0.347976 0.826563 0.356422 0.828125 0.359237 0.832813 0.367683 0.834375 0.370498 0.839062 0.381759 0.839062 0.378944 0.840625 0.378944 0.845313 0.393020 0.845313 0.390205 0.846875 0.390205 0.851562 0.404281 0.851562 0.401466 0.853125 0.401466 0.857813 0.415542 0.857813 0.412727 0.859375 0.412727 0.864063 0.426803 0.864063 0.423988 0.865625 0.423988 0.870312 0.438064 0.870312 0.435249 0.871875 0.435249 0.876563 0.449325 0.876563 0.446510 0.878125 0.446510 0.882812 0.460586 0.882812 0.457771 0.884375 0.457771 0.889063 0.471847 0.889063 0.469032 0.890625 0.469032 0.896875 0.483108 0.895313 0.480293 0.896875 0.480293 0.903125 0.494369 0.901562 0.491554 0.903125 0.491554 0.909375 0.502815 0.909375 0.502815
0 0.626563 0.728036 0.628125 0.730852 0.628125 0.728036 0.626563 0.728036 0.614063 0.697068 0.614063 0.694253 0.596875 0.649209 0.596875 0.652024 0.595313 0.652024 0.590625 0.637948 0.578125 0.606980 0.576563 0.606980 0.576563 0.604165 0.565625 0.573197 0.564063 0.573197 0.564063 0.570382 0.551563 0.542229 0.551563 0.536598 0.546875 0.525337 0.546875 0.530968 0.545313 0.528153 0.540625 0.511261 0.540625 0.516892 0.539062 0.514076 0.509375 0.432434 0.509375 0.435249 0.510938 0.438064 0.510938 0.440880 0.514063 0.446510 0.515625 0.446510 0.515625 0.452141 0.521875 0.463402 0.521875 0.466217 0.523438 0.469032 0.523438 0.471847 0.525000 0.474663 0.526563 0.474663 0.528125 0.477478 0.528125 0.480293 0.529688 0.483108 0.529688 0.488739 0.531250 0.491554 0.534375 0.491554 0.534375 0.500000 0.535938 0.502815 0.534375 0.502815 0.532813 0.500000 0.532813 0.497185 0.531250 0.494369 0.531250 0.491554 0.529688 0.488739 0.528125 0.488739 0.526563 0.485924 0.526563 0.483108 0.490625 0.387390 0.490625 0.390205 0.492188 0.393020 0.492188 0.395835 0.493750 0.398651 0.495313 0.398651 0.496875 0.401466 0.496875 0.409912 0.500000 0.415542 0.501562 0.415542 0.503125 0.418357 0.503125 0.421173 0.482813 0.373313 0.485937 0.378944 0.485937 0.381759 0.478125 0.359237 0.478125 0.367683 0.478125 0.364867 0.476562 0.362052 0.471875 0.345161 0.471875 0.350791 0.470312 0.347976 0.465625 0.331084 0.465625 0.336715 0.464063 0.333900 0.459375 0.314193 0.459375 0.317008 0.457813 0.314193 0.440625 0.269149 0.439062 0.269149 0.439062 0.266333 0.434375 0.257887 0.434375 0.255072 0.432813 0.255072 0.434375 0.257887 0.439062 0.266333 0.440625 0.269149 0.457813 0.314193 0.457813 0.311377 0.459375 0.314193 0.464063 0.333900 0.464063 0.328269 0.465625 0.331084 0.470312 0.347976 0.470312 0.342345 0.471875 0.345161 0.476562 0.362052 0.476562 0.356422 0.478125 0.359237 0.485937 0.381759 0.482813 0.381759 0.482813 0.370498 0.482813 0.373313 0.503125 0.421173 0.504688 0.423988 0.504688 0.426803 0.501562 0.426803 0.501562 0.418357 0.498438 0.412727 0.496875 0.412727 0.496875 0.409912 0.493750 0.404281 0.493750 0.398651 0.492188 0.395835 0.490625 0.395835 0.489063 0.393020 0.489063 0.384574 0.490625 0.387390 0.526563 0.483108 0.525000 0.480293 0.525000 0.477478 0.523438 0.474663 0.521875 0.474663 0.520313 0.471847 0.520313 0.466217 0.517187 0.460586 0.515625 0.460586 0.515625 0.457771 0.514063 0.454956 0.514063 0.452141 0.512500 0.449325 0.512500 0.446510 0.510938 0.443695 0.509375 0.443695 0.507812 0.440880 0.507812 0.438064 0.506250 0.435249 0.506250 0.432434 0.507812 0.429618 0.509375 0.432434 0.539062 0.514076 0.539062 0.508446 0.540625 0.511261 0.545313 0.528153 0.545313 0.525337 0.546875 0.525337 0.551563 0.536598 0.551563 0.542229 0.564063 0.570382 0.565625 0.573197 0.576563 0.604165 0.578125 0.606980 0.590625 0.637948 0.590625 0.637948 0.595313 0.652024 0.595313 0.649209 0.596875 0.649209 0.614063 0.694253 0.614063 0.697068
0 0.564063 0.925105 0.564063 0.933550 0.565625 0.933550 0.565625 0.930735 0.564063 0.927920 0.564063 0.925105 0.559375 0.908213 0.559375 0.916659 0.557813 0.913844 0.557813 0.911028 0.556250 0.908213 0.551563 0.891321 0.553125 0.894137 0.553125 0.896952 0.546875 0.874430 0.546875 0.882876 0.545313 0.880060 0.545313 0.877245 0.543750 0.874430 0.539062 0.854723 0.540625 0.857538 0.540625 0.865984 0.534375 0.837831 0.534375 0.846277 0.532813 0.846277 0.528125 0.820940 0.528125 0.829386 0.526563 0.826570 0.521875 0.804048 0.521875 0.812494 0.520313 0.809679 0.515625 0.784341 0.515625 0.789972 0.514063 0.789972 0.507812 0.767450 0.509375 0.770265 0.509375 0.775896 0.503125 0.750558 0.503125 0.756189 0.501562 0.756189 0.495313 0.733667 0.496875 0.736482 0.496875 0.742113 0.496875 0.736482 0.490625 0.716775 0.490625 0.722406 0.489063 0.719590 0.482813 0.694253 0.484375 0.697068 0.484375 0.708329 0.482813 0.705514 0.482813 0.699884 0.471875 0.663285 0.471875 0.671731 0.475000 0.677362 0.476562 0.677362 0.478125 0.680177 0.478125 0.691438 0.476562 0.688623 0.476562 0.685807 0.475000 0.682992 0.475000 0.677362 0.465625 0.649209 0.465625 0.652024 0.464063 0.649209 0.459375 0.626687 0.459375 0.632317 0.457813 0.629502 0.453125 0.606980 0.453125 0.615426 0.453125 0.612610 0.451563 0.609795 0.446875 0.592904 0.446875 0.598534 0.445312 0.595719 0.440625 0.573197 0.440625 0.581643 0.440625 0.578827 0.439062 0.576012 0.434375 0.559121 0.434375 0.564751 0.432813 0.561936 0.428125 0.536598 0.428125 0.545044 0.426563 0.542229 0.421875 0.522522 0.421875 0.528153 0.420313 0.528153 0.415625 0.502815 0.415625 0.511261 0.414062 0.508446 0.409375 0.491554 0.403125 0.469032 0.403125 0.474663 0.401563 0.471847 0.276563 0.460586 0.396875 0.457771 0.395313 0.449325 0.390625 0.435249 0.390625 0.438064 0.389063 0.438064 0.378125 0.401466 0.378125 0.404281 0.278125 0.131201 0.278125 0.111494 0.271875 0.111494 0.271875 0.131201 0.278125 0.131201 0.378125 0.404281 0.376562 0.401466 0.378125 0.401466 0.389063 0.438064 0.389063 0.435249 0.390625 0.435249 0.395313 0.449325 0.395313 0.449325 0.396875 0.457771 0.396875 0.457771 0.276563 0.460586 0.271875 0.460586 0.276563 0.460586 0.401563 0.471847 0.401563 0.466217 0.403125 0.469032 0.409375 0.491554 0.409375 0.491554 0.414062 0.508446 0.414062 0.500000 0.415625 0.502815 0.420313 0.528153 0.420313 0.522522 0.421875 0.522522 0.426563 0.542229 0.426563 0.536598 0.428125 0.536598 0.432813 0.561936 0.432813 0.556305 0.434375 0.559121 0.439062 0.576012 0.439062 0.570382 0.440625 0.573197 0.445312 0.595719 0.445312 0.590088 0.446875 0.592904 0.451563 0.609795 0.451563 0.604165 0.453125 0.606980 0.457813 0.629502 0.457813 0.623872 0.459375 0.626687 0.464063 0.649209 0.464063 0.646394 0.465625 0.649209 0.475000 0.677362 0.473438 0.674546 0.471875 0.674546 0.471875 0.671731 0.470312 0.668916 0.470312 0.660470 0.471875 0.663285 0.482813 0.699884 0.481250 0.697068 0.481250 0.694253 0.482813 0.694253 0.489063 0.719590 0.489063 0.713960 0.490625 0.716775 0.496875 0.736482 0.495313 0.733667 0.495313 0.730852 0.495313 0.733667 0.501562 0.756189 0.501562 0.747743 0.503125 0.750558 0.509375 0.775896 0.507812 0.773080 0.507812 0.764635 0.507812 0.767450 0.514063 0.789972 0.514063 0.784341 0.515625 0.784341 0.520313 0.809679 0.520313 0.804048 0.521875 0.804048 0.526563 0.826570 0.526563 0.818125 0.528125 0.820940 0.532813 0.846277 0.532813 0.835016 0.534375 0.837831 0.540625 0.865984 0.539062 0.863169 0.539062 0.851908 0.539062 0.854723 0.543750 0.874430 0.545313 0.871615 0.546875 0.874430 0.553125 0.896952 0.554688 0.899767 0.551563 0.899767 0.551563 0.888506 0.551563 0.891321 0.556250 0.908213 0.557813 0.905398 0.559375 0.908213
0 0.970313 0.863169 0.970313 0.865984 0.971875 0.865984 0.971875 0.863169 0.970313 0.863169 0.965625 0.851908 0.965625 0.854723 0.964062 0.854723 0.960938 0.843462 0.959375 0.846277 0.956250 0.840647 0.954688 0.832201 0.953125 0.835016 0.951563 0.832201 0.951563 0.826570 0.946875 0.815309 0.948437 0.818125 0.948437 0.820940 0.946875 0.823755 0.942188 0.809679 0.939063 0.809679 0.939063 0.804048 0.935938 0.798418 0.932812 0.798418 0.932812 0.792787 0.928125 0.781526 0.928125 0.784341 0.929688 0.787157 0.923438 0.773080 0.923438 0.775896 0.921875 0.775896 0.920313 0.773080 0.895313 0.716775 0.896875 0.719590 0.896875 0.725221 0.898438 0.728036 0.901562 0.728036 0.901562 0.730852 0.903125 0.733667 0.903125 0.736482 0.906250 0.742113 0.907813 0.742113 0.907813 0.744928 0.912500 0.753374 0.914062 0.753374 0.914062 0.756189 0.917187 0.761819 0.917187 0.764635 0.915625 0.764635 0.889063 0.705514 0.890625 0.708329 0.890625 0.713960 0.884375 0.694253 0.884375 0.699884 0.882812 0.699884 0.881250 0.697068 0.878125 0.682992 0.878125 0.688623 0.871875 0.671731 0.871875 0.677362 0.868750 0.671731 0.865625 0.660470 0.865625 0.663285 0.864063 0.663285 0.859375 0.649209 0.859375 0.652024 0.857813 0.652024 0.853125 0.637948 0.853125 0.640763 0.851562 0.640763 0.846875 0.626687 0.846875 0.629502 0.840625 0.615426 0.828125 0.592904 0.778125 0.494369 0.776562 0.494369 0.776562 0.491554 0.684375 0.314193 0.682813 0.311377 0.678125 0.300116 0.678125 0.302932 0.671875 0.288855 0.665625 0.277594 0.659375 0.266333 0.590625 0.131201 0.590625 0.134016 0.589063 0.134016 0.584375 0.119940 0.584375 0.122755 0.578125 0.108679 0.578125 0.111494 0.565625 0.086156 0.564063 0.086156 0.559375 0.074895 0.559375 0.066450 0.553125 0.066450 0.553125 0.074895 0.559375 0.074895 0.564063 0.086156 0.565625 0.086156 0.578125 0.111494 0.576563 0.108679 0.578125 0.108679 0.584375 0.122755 0.582813 0.119940 0.584375 0.119940 0.589063 0.134016 0.589063 0.131201 0.590625 0.131201 0.659375 0.266333 0.659375 0.266333 0.665625 0.277594 0.665625 0.277594 0.671875 0.288855 0.671875 0.288855 0.678125 0.302932 0.676563 0.300116 0.678125 0.300116 0.682813 0.311377 0.684375 0.314193 0.776562 0.491554 0.778125 0.494369 0.828125 0.592904 0.828125 0.592904 0.840625 0.615426 0.840625 0.615426 0.846875 0.629502 0.845313 0.626687 0.846875 0.626687 0.851562 0.640763 0.851562 0.637948 0.853125 0.637948 0.857813 0.652024 0.857813 0.649209 0.859375 0.649209 0.864063 0.663285 0.864063 0.660470 0.865625 0.660470 0.868750 0.671731 0.870312 0.668916 0.871875 0.671731 0.878125 0.688623 0.875000 0.682992 0.878125 0.682992 0.881250 0.697068 0.881250 0.694253 0.884375 0.694253 0.890625 0.713960 0.887500 0.708329 0.887500 0.705514 0.889063 0.705514 0.915625 0.764635 0.914062 0.761819 0.914062 0.756189 0.912500 0.753374 0.909375 0.753374 0.907813 0.750558 0.907813 0.744928 0.904688 0.739297 0.903125 0.739297 0.901562 0.736482 0.901562 0.733667 0.898438 0.728036 0.896875 0.728036 0.896875 0.725221 0.893750 0.719590 0.893750 0.716775 0.895313 0.716775 0.920313 0.773080 0.920313 0.767450 0.923438 0.773080 0.929688 0.787157 0.926563 0.787157 0.926563 0.778711 0.928125 0.781526 0.932812 0.792787 0.935938 0.798418 0.939063 0.804048 0.942188 0.809679 0.946875 0.823755 0.945312 0.820940 0.945312 0.815309 0.946875 0.815309 0.951563 0.826570 0.954688 0.832201 0.956250 0.840647 0.957813 0.837831 0.960938 0.843462 0.964062 0.854723 0.964062 0.851908 0.965625 0.851908
0 0.846875 0.911028 0.846875 0.919474 0.846875 0.911028 0.576563 0.325454 0.571875 0.314193 0.570312 0.314193 0.570312 0.311377 0.565625 0.300116 0.565625 0.302932 0.564063 0.302932 0.559375 0.288855 0.559375 0.291671 0.553125 0.277594 0.551563 0.277594 0.540625 0.246626 0.539062 0.246626 0.539062 0.243811 0.534375 0.232550 0.534375 0.235365 0.532813 0.235365 0.528125 0.221289 0.528125 0.224104 0.470312 0.103048 0.471875 0.100233 0.471875 0.088972 0.465625 0.088972 0.465625 0.103048 0.470312 0.103048 0.528125 0.224104 0.526563 0.221289 0.528125 0.221289 0.532813 0.235365 0.532813 0.232550 0.534375 0.232550 0.539062 0.243811 0.540625 0.246626 0.551563 0.277594 0.553125 0.277594 0.559375 0.291671 0.557813 0.288855 0.559375 0.288855 0.564063 0.302932 0.564063 0.300116 0.565625 0.300116 0.570312 0.311377 0.571875 0.314193 0.576563 0.325454 0.576563 0.325454
0 0.971875 0.390205 0.971875 0.390205 0.965625 0.378944 0.965625 0.381759 0.964062 0.378944 0.960938 0.370498 0.957813 0.370498 0.957813 0.364867 0.951563 0.353606 0.954688 0.359237 0.953125 0.362052 0.951563 0.359237 0.950000 0.359237 0.946875 0.345161 0.946875 0.350791 0.943750 0.345161 0.935938 0.333900 0.939063 0.333900 0.940625 0.336715 0.937500 0.336715 0.935938 0.333900 0.928125 0.319823 0.931250 0.325454 0.932812 0.325454 0.928125 0.325454 0.907813 0.286040 0.910938 0.291671 0.910938 0.294486 0.912500 0.297301 0.914062 0.297301 0.915625 0.300116 0.917187 0.300116 0.925000 0.314193 0.920313 0.314193 0.918750 0.311377 0.918750 0.308562 0.917187 0.305747 0.915625 0.305747 0.903125 0.277594 0.903125 0.283225 0.901562 0.283225 0.893750 0.269149 0.895313 0.269149 0.893750 0.269149 0.892188 0.266333 0.889063 0.266333 0.885937 0.255072 0.887500 0.257887 0.884375 0.257887 0.871875 0.232550 0.873438 0.235365 0.873438 0.238181 0.875000 0.240996 0.876563 0.240996 0.879688 0.246626 0.876563 0.246626 0.865625 0.221289 0.865625 0.226920 0.864063 0.224104 0.862500 0.224104 0.857813 0.210028 0.859375 0.212843 0.859375 0.215659 0.857813 0.212843 0.848438 0.198767 0.850000 0.201582 0.851562 0.201582 0.850000 0.201582 0.840625 0.187506 0.842188 0.187506 0.843750 0.190321 0.829688 0.170614 0.831250 0.173430 0.832813 0.173430 0.834375 0.176245 0.835938 0.176245 0.835938 0.179060 0.832813 0.179060 0.821875 0.153723 0.821875 0.159353 0.820312 0.156538 0.818750 0.156538 0.814063 0.142462 0.815625 0.145277 0.815625 0.148092 0.814063 0.145277 0.812500 0.145277 0.803125 0.131201 0.804688 0.131201 0.806250 0.134016 0.803125 0.134016 0.798438 0.122755 0.795313 0.122755 0.795313 0.117124 0.792187 0.111494 0.789062 0.111494 0.787500 0.108679 0.789062 0.105863 0.784375 0.097418 0.784375 0.100233 0.782813 0.100233 0.776562 0.086156 0.778125 0.088972 0.776562 0.088972 0.770313 0.077711 0.759375 0.063634 0.754688 0.052373 0.753125 0.055189 0.748438 0.043928 0.748438 0.032667 0.740625 0.032667 0.740625 0.043928 0.748438 0.043928 0.753125 0.055189 0.751563 0.052373 0.754688 0.052373 0.759375 0.063634 0.759375 0.063634 0.770313 0.077711 0.770313 0.077711 0.776562 0.088972 0.775000 0.086156 0.776562 0.086156 0.782813 0.100233 0.781250 0.097418 0.784375 0.097418 0.789062 0.105863 0.792187 0.111494 0.795313 0.117124 0.798438 0.122755 0.803125 0.134016 0.801563 0.131201 0.801563 0.128385 0.803125 0.131201 0.812500 0.145277 0.810938 0.142462 0.809375 0.142462 0.814063 0.142462 0.818750 0.156538 0.817188 0.153723 0.821875 0.153723 0.832813 0.179060 0.831250 0.176245 0.831250 0.173430 0.829688 0.170614 0.828125 0.170614 0.825000 0.164984 0.826563 0.162169 0.829688 0.167799 0.829688 0.170614 0.843750 0.190321 0.839062 0.190321 0.839062 0.184691 0.840625 0.187506 0.850000 0.201582 0.848438 0.198767 0.846875 0.198767 0.848438 0.198767 0.857813 0.212843 0.856250 0.212843 0.854687 0.210028 0.857813 0.210028 0.862500 0.224104 0.862500 0.221289 0.865625 0.221289 0.876563 0.246626 0.875000 0.243811 0.875000 0.240996 0.873438 0.238181 0.871875 0.238181 0.868750 0.232550 0.871875 0.232550 0.884375 0.257887 0.882812 0.255072 0.885937 0.255072 0.889063 0.266333 0.890625 0.263518 0.893750 0.269149 0.901562 0.283225 0.898438 0.277594 0.903125 0.277594 0.915625 0.305747 0.912500 0.300116 0.912500 0.297301 0.910938 0.294486 0.909375 0.294486 0.907813 0.291671 0.906250 0.291671 0.906250 0.286040 0.907813 0.286040 0.928125 0.325454 0.926563 0.322639 0.926563 0.319823 0.928125 0.319823 0.935938 0.333900 0.934375 0.333900 0.934375 0.331084 0.935938 0.333900 0.943750 0.345161 0.942188 0.345161 0.946875 0.345161 0.950000 0.359237 0.950000 0.353606 0.951563 0.353606 0.957813 0.364867 0.960938 0.370498 0.964062 0.378944 0.964062 0.376128 0.965625 0.378944
0 0.921875 0.000000 0.921875 0.010144 0.929688 0.010144 0.931250 0.012960 0.932812 0.012960 0.937500 0.021405 0.939063 0.021405 0.940625 0.024221 0.942188 0.024221 0.946875 0.032667 0.950000 0.032667 0.953125 0.038297 0.953125 0.041112 0.954688 0.041112 0.962500 0.055189 0.965625 0.055189 0.967188 0.058004 0.968750 0.058004 0.973438 0.066450 0.975000 0.066450 0.976562 0.069265 0.978125 0.069265 0.979687 0.072080 0.979687 0.074895 0.981250 0.077711 0.982813 0.077711 0.984375 0.080526 0.987500 0.080526 0.989063 0.083341 0.989063 0.086156 0.990625 0.088972 0.993750 0.088972 0.996875 0.094602 0.998438 0.094602 0.998438 0.086156 0.993750 0.086156 0.987500 0.074895 0.985938 0.074895 0.979687 0.063634 0.978125 0.063634 0.976562 0.060819 0.973438 0.060819 0.971875 0.058004 0.971875 0.055189 0.970313 0.052373 0.967188 0.052373 0.960938 0.041112 0.959375 0.041112 0.957813 0.038297 0.956250 0.038297 0.951563 0.029851 0.948437 0.029851 0.945312 0.024221 0.945312 0.021405 0.943750 0.021405 0.939063 0.012960 0.937500 0.012960 0.935938 0.010144 0.935938 0.000000
0 0.996875 0.353606 0.995312 0.356422 0.995312 0.367683 0.998438 0.367683 0.998438 0.353606 0.996875 0.353606 0.990625 0.345161 0.992188 0.347976 0.989063 0.347976 0.982813 0.333900 0.984375 0.336715 0.982813 0.336715 0.976562 0.325454 0.971875 0.322639 0.965625 0.311377 0.967188 0.314193 0.965625 0.314193 0.959375 0.300116 0.959375 0.302932 0.957813 0.302932 0.951563 0.288855 0.953125 0.291671 0.950000 0.291671 0.942188 0.277594 0.943750 0.280410 0.945312 0.280410 0.943750 0.280410 0.934375 0.266333 0.935938 0.266333 0.935938 0.269149 0.934375 0.269149 0.928125 0.255072 0.929688 0.257887 0.926563 0.257887 0.921875 0.243811 0.921875 0.246626 0.920313 0.246626 0.914062 0.235365 0.903125 0.221289 0.904688 0.221289 0.904688 0.224104 0.903125 0.224104 0.898438 0.212843 0.895313 0.212843 0.895313 0.207213 0.892188 0.201582 0.889063 0.201582 0.889063 0.195952 0.884375 0.187506 0.884375 0.187506 0.889063 0.195952 0.892188 0.201582 0.895313 0.207213 0.898438 0.212843 0.903125 0.224104 0.901562 0.221289 0.901562 0.218474 0.903125 0.221289 0.914062 0.235365 0.914062 0.235365 0.920313 0.246626 0.920313 0.243811 0.921875 0.243811 0.926563 0.257887 0.926563 0.255072 0.928125 0.255072 0.934375 0.269149 0.932812 0.266333 0.932812 0.263518 0.934375 0.266333 0.943750 0.280410 0.942188 0.277594 0.940625 0.277594 0.942188 0.277594 0.950000 0.291671 0.950000 0.288855 0.951563 0.288855 0.957813 0.302932 0.957813 0.300116 0.959375 0.300116 0.965625 0.314193 0.964062 0.311377 0.965625 0.311377 0.971875 0.322639 0.971875 0.322639 0.976562 0.325454 0.976562 0.325454 0.982813 0.336715 0.981250 0.333900 0.982813 0.333900 0.989063 0.347976 0.989063 0.345161 0.990625 0.345161
