0 0.406250 0.885691 0.406250 0.888506 0.407812 0.891321 0.407812 0.899767 0.409375 0.902582 0.410938 0.902582 0.412500 0.905398 0.412500 0.911028 0.414062 0.913844 0.414062 0.919474 0.415625 0.922289 0.417188 0.922289 0.418750 0.925105 0.418750 0.933550 0.420313 0.936366 0.420313 0.939181 0.421875 0.941996 0.423437 0.941996 0.426563 0.947627 0.426563 0.964518 0.428125 0.964518 0.428125 0.950442 0.426563 0.947627 0.426563 0.944811 0.425000 0.944811 0.423437 0.941996 0.423437 0.939181 0.421875 0.936366 0.421875 0.927920 0.420313 0.925105 0.418750 0.925105 0.417188 0.922289 0.417188 0.919474 0.415625 0.916659 0.415625 0.908213 0.414062 0.905398 0.412500 0.905398 0.410938 0.902582 0.410938 0.896952 0.409375 0.894137 0.409375 0.888506 0.407812 0.885691 0.406250 0.885691 0.403125 0.868799 0.403125 0.874430 0.404688 0.877245 0.404688 0.880060 0.396875 0.849093 0.396875 0.851908 0.398438 0.854723 0.390625 0.829386 0.390625 0.837831 0.389063 0.835016 0.384375 0.806864 0.384375 0.815309 0.382812 0.812494 0.378125 0.787157 0.378125 0.795603 0.376562 0.792787 0.371875 0.770265 0.371875 0.775896 0.370313 0.773080 0.365625 0.747743 0.365625 0.753374 0.364063 0.753374 0.359375 0.728036 0.359375 0.733667 0.357813 0.730852 0.353125 0.705514 0.353125 0.711145 0.351562 0.711145 0.346875 0.682992 0.346875 0.688623 0.345313 0.688623 0.340625 0.663285 0.340625 0.671731 0.339063 0.668916 0.334375 0.640763 0.334375 0.652024 0.332813 0.649209 0.326563 0.621056 0.328125 0.623872 0.328125 0.632317 0.321875 0.601349 0.321875 0.609795 0.320312 0.609795 0.315625 0.578827 0.315625 0.590088 0.314063 0.587273 0.314063 0.584458 0.312500 0.581643 0.314063 0.578827 0.309375 0.559121 0.309375 0.570382 0.307813 0.567566 0.307813 0.561936 0.306250 0.559121 0.303125 0.539414 0.303125 0.547859 0.304688 0.550675 0.303125 0.550675 0.296875 0.516892 0.296875 0.525337 0.298438 0.528153 0.290625 0.497185 0.290625 0.500000 0.292188 0.502815 0.292188 0.508446 0.284375 0.474663 0.284375 0.480293 0.285938 0.483108 0.245313 0.353606 0.246875 0.356422 0.246875 0.362052 0.248438 0.364867 0.248438 0.370498 0.250000 0.373313 0.251563 0.373313 0.253125 0.376128 0.253125 0.381759 0.254687 0.384574 0.254687 0.390205 0.256250 0.393020 0.257812 0.393020 0.259375 0.395835 0.259375 0.398651 0.260938 0.401466 0.260938 0.407096 0.265625 0.415542 0.265625 0.421173 0.267188 0.423988 0.267188 0.426803 0.271875 0.435249 0.271875 0.440880 0.273438 0.443695 0.273438 0.449325 0.275000 0.452141 0.276563 0.452141 0.278125 0.454956 0.239062 0.333900 0.240625 0.336715 0.240625 0.345161 0.242188 0.347976 0.240625 0.347976 0.239062 0.345161 0.239062 0.339530 0.221875 0.274779 0.221875 0.280410 0.223437 0.283225 0.223437 0.288855 0.225000 0.291671 0.226562 0.291671 0.228125 0.294486 0.228125 0.297301 0.229688 0.300116 0.229688 0.308562 0.231250 0.311377 0.232813 0.311377 0.232813 0.314193 0.234375 0.317008 0.234375 0.319823 0.215625 0.255072 0.215625 0.269149 0.215625 0.266333 0.214063 0.263518 0.214063 0.257887 0.212500 0.255072 0.207812 0.232550 0.209375 0.235365 0.209375 0.240996 0.210938 0.243811 0.210938 0.249442 0.209375 0.249442 0.201563 0.212843 0.203125 0.215659 0.203125 0.221289 0.204688 0.224104 0.195312 0.195952 0.196875 0.198767 0.196875 0.207213 0.196875 0.204397 0.190625 0.176245 0.190625 0.187506 0.190625 0.184691 0.189063 0.181875 0.178125 0.145277 0.178125 0.134016 0.171875 0.134016 0.171875 0.145277 0.178125 0.145277 0.189063 0.181875 0.189063 0.173430 0.190625 0.176245 0.196875 0.204397 0.195312 0.201582 0.195312 0.193136 0.195312 0.195952 0.204688 0.224104 0.204688 0.226920 0.203125 0.229735 0.201563 0.226920 0.201563 0.215659 0.200000 0.212843 0.201563 0.212843 0.209375 0.249442 0.207812 0.246626 0.207812 0.238181 0.206250 0.235365 0.206250 0.232550 0.207812 0.232550 0.212500 0.255072 0.214063 0.252257 0.215625 0.255072 0.234375 0.319823 0.235938 0.322639 0.235938 0.328269 0.234375 0.328269 0.232813 0.325454 0.232813 0.317008 0.229688 0.311377 0.228125 0.311377 0.228125 0.308562 0.226562 0.305747 0.226562 0.302932 0.225000 0.300116 0.225000 0.291671 0.223437 0.288855 0.221875 0.288855 0.220313 0.286040 0.220313 0.271964 0.221875 0.274779 0.239062 0.339530 0.237500 0.336715 0.237500 0.333900 0.239062 0.331084 0.239062 0.333900 0.278125 0.454956 0.278125 0.469032 0.276563 0.466217 0.276563 0.463402 0.275000 0.460586 0.275000 0.454956 0.271875 0.449325 0.270313 0.449325 0.270313 0.443695 0.268750 0.440880 0.268750 0.438064 0.264063 0.429618 0.264063 0.426803 0.262500 0.423988 0.262500 0.418357 0.257812 0.409912 0.257812 0.404281 0.256250 0.401466 0.256250 0.395835 0.251563 0.387390 0.251563 0.384574 0.250000 0.381759 0.250000 0.373313 0.248438 0.370498 0.246875 0.370498 0.245313 0.367683 0.245313 0.362052 0.243750 0.359237 0.243750 0.353606 0.245313 0.353606 0.285938 0.483108 0.285938 0.485924 0.284375 0.488739 0.282813 0.485924 0.282813 0.471847 0.284375 0.474663 0.292188 0.508446 0.290625 0.508446 0.289062 0.505631 0.289062 0.494369 0.290625 0.497185 0.298438 0.528153 0.296875 0.530968 0.295313 0.528153 0.295313 0.514076 0.296875 0.516892 0.303125 0.550675 0.301563 0.547859 0.301563 0.536598 0.303125 0.539414 0.306250 0.559121 0.307813 0.556305 0.309375 0.559121 0.314063 0.578827 0.314063 0.576012 0.315625 0.578827 0.320312 0.609795 0.320312 0.598534 0.321875 0.601349 0.328125 0.632317 0.326563 0.629502 0.326563 0.618241 0.326563 0.621056 0.332813 0.649209 0.332813 0.637948 0.334375 0.640763 0.339063 0.668916 0.339063 0.660470 0.340625 0.663285 0.345313 0.688623 0.345313 0.682992 0.346875 0.682992 0.351562 0.711145 0.351562 0.702699 0.353125 0.705514 0.357813 0.730852 0.357813 0.725221 0.359375 0.728036 0.364063 0.753374 0.364063 0.747743 0.365625 0.747743 0.370313 0.773080 0.370313 0.767450 0.371875 0.770265 0.376562 0.792787 0.376562 0.784341 0.378125 0.787157 0.382812 0.812494 0.382812 0.804048 0.384375 0.806864 0.389063 0.835016 0.389063 0.826570 0.390625 0.829386 0.398438 0.854723 0.396875 0.857538 0.396875 0.860354 0.395313 0.857538 0.395313 0.846277 0.396875 0.849093 0.404688 0.880060 0.403125 0.880060 0.401563 0.877245 0.401563 0.865984 0.403125 0.868799
0 0.140625 0.989856 0.140625 0.998301 0.145313 0.998301 0.145313 0.989856 0.140625 0.989856 0.132812 0.953257 0.134375 0.956072 0.134375 0.964518 0.128125 0.925105 0.128125 0.944811 0.128125 0.941996 0.126563 0.939181 0.121875 0.894137 0.121875 0.913844 0.121875 0.911028 0.120313 0.908213 0.114063 0.860354 0.115625 0.863169 0.115625 0.871615 0.117188 0.874430 0.117188 0.880060 0.115625 0.882876 0.114063 0.880060 0.107812 0.829386 0.109375 0.832201 0.109375 0.837831 0.110938 0.840647 0.110938 0.849093 0.109375 0.851908 0.107812 0.849093 0.103125 0.801233 0.103125 0.806864 0.104688 0.809679 0.104688 0.818125 0.103125 0.820940 0.101562 0.818125 0.096875 0.770265 0.096875 0.781526 0.098438 0.784341 0.098438 0.787157 0.096875 0.789972 0.095313 0.787157 0.089063 0.736482 0.090625 0.739297 0.090625 0.747743 0.092187 0.750558 0.092187 0.756189 0.084375 0.708329 0.084375 0.713960 0.085938 0.716775 0.085938 0.728036 0.084375 0.730852 0.084375 0.728036 0.082813 0.725221 0.076563 0.677362 0.078125 0.680177 0.078125 0.699884 0.078125 0.697068 0.076563 0.694253 0.076563 0.688623 0.075000 0.685807 0.075000 0.680177 0.071875 0.649209 0.071875 0.657655 0.073438 0.660470 0.073438 0.666100 0.071875 0.668916 0.064063 0.618241 0.065625 0.621056 0.065625 0.626687 0.067188 0.629502 0.067188 0.635133 0.065625 0.637948 0.065625 0.640763 0.060938 0.609795 0.060938 0.601349 0.059375 0.598534 0.059375 0.590088 0.057812 0.587273 0.057812 0.584458 0.056250 0.584458 0.054688 0.581643 0.054688 0.570382 0.053125 0.567566 0.053125 0.559121 0.051563 0.556305 0.051563 0.553490 0.050000 0.553490 0.048438 0.550675 0.048438 0.536598 0.046875 0.533783 0.046875 0.528153 0.042188 0.519707 0.042188 0.511261 0.040625 0.508446 0.040625 0.500000 0.039062 0.497185 0.039062 0.494369 0.035938 0.488739 0.035938 0.477478 0.034375 0.474663 0.034375 0.466217 0.029688 0.457771 0.029688 0.446510 0.028125 0.443695 0.028125 0.438064 0.026563 0.435249 0.026563 0.432434 0.025000 0.432434 0.023438 0.429618 0.023438 0.421173 0.021875 0.418357 0.021875 0.409912 0.020313 0.407096 0.020313 0.404281 0.018750 0.404281 0.017188 0.401466 0.017188 0.390205 0.015625 0.387390 0.015625 0.378944 0.010938 0.370498 0.010938 0.356422 0.009375 0.353606 0.009375 0.347976 0.007812 0.345161 0.003125 0.345161 0.003125 0.373313 0.009375 0.373313 0.010938 0.376128 0.010938 0.378944 0.012500 0.381759 0.012500 0.393020 0.014063 0.395835 0.014063 0.398651 0.015625 0.401466 0.017188 0.401466 0.018750 0.404281 0.018750 0.415542 0.020313 0.418357 0.020313 0.426803 0.021875 0.429618 0.021875 0.432434 0.023438 0.432434 0.025000 0.435249 0.025000 0.449325 0.026563 0.452141 0.026563 0.454956 0.028125 0.457771 0.028125 0.460586 0.031250 0.466217 0.031250 0.477478 0.032813 0.480293 0.032813 0.485924 0.034375 0.488739 0.034375 0.491554 0.037500 0.497185 0.037500 0.505631 0.039062 0.508446 0.039062 0.516892 0.040625 0.519707 0.040625 0.522522 0.042188 0.522522 0.043750 0.525337 0.043750 0.539414 0.045313 0.542229 0.045313 0.547859 0.046875 0.550675 0.046875 0.553490 0.048438 0.553490 0.050000 0.556305 0.050000 0.567566 0.051563 0.570382 0.051563 0.576012 0.053125 0.578827 0.053125 0.581643 0.054688 0.581643 0.056250 0.584458 0.056250 0.595719 0.057812 0.598534 0.057812 0.606980 0.059375 0.609795 0.060938 0.609795 0.065625 0.640763 0.065625 0.637948 0.064063 0.635133 0.064063 0.629502 0.062500 0.626687 0.062500 0.618241 0.064063 0.615426 0.064063 0.618241 0.071875 0.668916 0.070312 0.666100 0.070312 0.657655 0.068750 0.654839 0.068750 0.646394 0.070312 0.643578 0.070312 0.646394 0.071875 0.649209 0.075000 0.680177 0.076563 0.677362 0.076563 0.674546 0.076563 0.677362 0.082813 0.725221 0.082813 0.719590 0.081250 0.716775 0.081250 0.708329 0.082813 0.705514 0.084375 0.708329 0.092187 0.756189 0.090625 0.759004 0.089063 0.756189 0.089063 0.747743 0.087500 0.744928 0.087500 0.736482 0.089063 0.736482 0.095313 0.787157 0.095313 0.778711 0.093750 0.775896 0.093750 0.770265 0.095313 0.767450 0.096875 0.770265 0.101562 0.818125 0.101562 0.812494 0.100000 0.809679 0.100000 0.801233 0.101562 0.798418 0.103125 0.801233 0.107812 0.849093 0.107812 0.843462 0.106250 0.840647 0.106250 0.832201 0.107812 0.829386 0.107812 0.826570 0.107812 0.829386 0.114063 0.880060 0.114063 0.868799 0.112500 0.865984 0.112500 0.863169 0.114063 0.860354 0.114063 0.857538 0.114063 0.860354 0.120313 0.908213 0.120313 0.891321 0.121875 0.894137 0.126563 0.939181 0.126563 0.922289 0.128125 0.925105 0.134375 0.964518 0.135938 0.967333 0.134375 0.970149 0.134375 0.972964 0.132812 0.970149 0.132812 0.950442 0.132812 0.953257
0 0.282813 0.953257 0.281250 0.956072 0.281250 0.964518 0.282813 0.967333 0.282813 0.972964 0.284375 0.975779 0.284375 0.978595 0.287500 0.978595 0.290625 0.984225 0.290625 0.998301 0.295313 0.998301 0.295313 0.978595 0.289062 0.978595 0.285938 0.972964 0.285938 0.967333 0.284375 0.964518 0.284375 0.958888 0.282813 0.956072 0.282813 0.953257 0.276563 0.936366 0.278125 0.939181 0.278125 0.947627 0.270313 0.908213 0.271875 0.911028 0.271875 0.919474 0.273438 0.922289 0.271875 0.925105 0.259375 0.860354 0.259375 0.868799 0.260938 0.871615 0.260938 0.877245 0.262500 0.880060 0.264063 0.880060 0.264063 0.882876 0.265625 0.885691 0.265625 0.894137 0.267188 0.896952 0.267188 0.899767 0.265625 0.902582 0.265625 0.899767 0.264063 0.896952 0.251563 0.835016 0.253125 0.837831 0.253125 0.851908 0.253125 0.849093 0.245313 0.809679 0.246875 0.812494 0.246875 0.818125 0.239062 0.784341 0.240625 0.787157 0.240625 0.801233 0.239062 0.798418 0.239062 0.789972 0.237500 0.787157 0.234375 0.761819 0.234375 0.770265 0.235938 0.773080 0.235938 0.775896 0.234375 0.778711 0.234375 0.775896 0.232813 0.773080 0.228125 0.736482 0.228125 0.750558 0.226562 0.747743 0.226562 0.742113 0.225000 0.739297 0.226562 0.736482 0.220313 0.711145 0.221875 0.713960 0.221875 0.728036 0.221875 0.725221 0.214063 0.682992 0.214063 0.685807 0.215625 0.688623 0.215625 0.694253 0.217188 0.697068 0.120313 0.322639 0.121875 0.325454 0.121875 0.331084 0.123437 0.333900 0.123437 0.339530 0.128125 0.347976 0.128125 0.353606 0.129688 0.356422 0.129688 0.359237 0.132812 0.364867 0.132812 0.367683 0.134375 0.370498 0.134375 0.376128 0.135938 0.378944 0.135938 0.384574 0.139063 0.390205 0.139063 0.393020 0.140625 0.395835 0.140625 0.401466 0.142188 0.404281 0.142188 0.412727 0.143750 0.415542 0.145313 0.415542 0.146875 0.418357 0.146875 0.423988 0.148438 0.426803 0.148438 0.435249 0.150000 0.438064 0.151563 0.438064 0.151563 0.440880 0.153125 0.443695 0.153125 0.446510 0.154688 0.449325 0.154688 0.457771 0.156250 0.460586 0.157813 0.460586 0.157813 0.463402 0.159375 0.466217 0.159375 0.469032 0.160938 0.471847 0.160938 0.480293 0.164062 0.485924 0.164062 0.488739 0.165625 0.491554 0.165625 0.497185 0.167188 0.500000 0.167188 0.505631 0.171875 0.514076 0.171875 0.516892 0.173438 0.519707 0.173438 0.525337 0.175000 0.528153 0.175000 0.530968 0.178125 0.536598 0.178125 0.542229 0.179688 0.545044 0.179688 0.550675 0.182813 0.556305 0.182813 0.559121 0.184375 0.561936 0.184375 0.567566 0.185938 0.570382 0.185938 0.576012 0.189063 0.581643 0.189063 0.584458 0.190625 0.587273 0.190625 0.592904 0.192187 0.595719 0.192187 0.604165 0.193750 0.606980 0.195312 0.606980 0.195312 0.609795 0.196875 0.612610 0.196875 0.615426 0.198438 0.618241 0.198438 0.626687 0.203125 0.635133 0.203125 0.646394 0.204688 0.649209 0.204688 0.652024 0.209375 0.660470 0.209375 0.668916 0.210938 0.671731 0.210938 0.677362 0.209375 0.677362 0.207812 0.674546 0.207812 0.666100 0.206250 0.663285 0.206250 0.657655 0.204688 0.654839 0.203125 0.654839 0.114063 0.302932 0.115625 0.305747 0.115625 0.311377 0.117188 0.314193 0.109375 0.277594 0.109375 0.286040 0.110938 0.288855 0.110938 0.291671 0.109375 0.294486 0.104688 0.269149 0.104688 0.266333 0.103125 0.263518 0.103125 0.255072 0.101562 0.252257 0.101562 0.249442 0.100000 0.249442 0.098438 0.246626 0.098438 0.240996 0.096875 0.238181 0.096875 0.232550 0.095313 0.229735 0.095313 0.226920 0.093750 0.226920 0.092187 0.224104 0.092187 0.215659 0.090625 0.212843 0.090625 0.207213 0.089063 0.204397 0.089063 0.201582 0.087500 0.201582 0.085938 0.198767 0.085938 0.190321 0.084375 0.187506 0.084375 0.184691 0.082813 0.181875 0.082813 0.179060 0.079688 0.173430 0.079688 0.164984 0.078125 0.162169 0.078125 0.159353 0.076563 0.156538 0.076563 0.145277 0.071875 0.145277 0.071875 0.179060 0.078125 0.179060 0.081250 0.184691 0.081250 0.190321 0.082813 0.193136 0.082813 0.198767 0.087500 0.207213 0.087500 0.212843 0.089063 0.215659 0.089063 0.221289 0.090625 0.224104 0.092187 0.224104 0.093750 0.226920 0.093750 0.235365 0.095313 0.238181 0.095313 0.243811 0.100000 0.252257 0.100000 0.257887 0.101562 0.260703 0.101562 0.266333 0.103125 0.269149 0.103125 0.271964 0.104688 0.269149 0.109375 0.294486 0.107812 0.291671 0.107812 0.280410 0.106250 0.277594 0.107812 0.274779 0.109375 0.277594 0.117188 0.314193 0.117188 0.317008 0.115625 0.317008 0.114063 0.314193 0.114063 0.300116 0.114063 0.302932 0.203125 0.654839 0.201563 0.652024 0.201563 0.643578 0.200000 0.640763 0.200000 0.635133 0.195312 0.626687 0.195312 0.621056 0.193750 0.618241 0.193750 0.609795 0.192187 0.606980 0.190625 0.606980 0.190625 0.604165 0.189063 0.601349 0.189063 0.598534 0.187500 0.595719 0.187500 0.584458 0.185938 0.581643 0.184375 0.581643 0.184375 0.578827 0.182813 0.576012 0.182813 0.570382 0.181250 0.567566 0.181250 0.561936 0.176563 0.553490 0.176563 0.550675 0.175000 0.547859 0.175000 0.542229 0.171875 0.536598 0.171875 0.533783 0.170313 0.530968 0.170313 0.525337 0.168750 0.522522 0.168750 0.516892 0.165625 0.511261 0.165625 0.508446 0.164062 0.505631 0.164062 0.497185 0.162500 0.494369 0.162500 0.488739 0.160938 0.485924 0.159375 0.485924 0.157813 0.483108 0.157813 0.474663 0.156250 0.471847 0.156250 0.463402 0.154688 0.460586 0.153125 0.460586 0.151563 0.457771 0.151563 0.452141 0.150000 0.449325 0.150000 0.440880 0.148438 0.438064 0.146875 0.438064 0.146875 0.435249 0.145313 0.432434 0.145313 0.429618 0.143750 0.426803 0.143750 0.415542 0.142188 0.412727 0.140625 0.412727 0.139063 0.409912 0.139063 0.404281 0.137500 0.401466 0.137500 0.395835 0.135938 0.393020 0.134375 0.393020 0.134375 0.390205 0.132812 0.387390 0.132812 0.384574 0.131250 0.381759 0.131250 0.378944 0.129688 0.376128 0.129688 0.373313 0.126563 0.367683 0.126563 0.359237 0.125000 0.356422 0.125000 0.347976 0.123437 0.345161 0.121875 0.345161 0.121875 0.342345 0.120313 0.339530 0.120313 0.328269 0.118750 0.325454 0.118750 0.322639 0.120313 0.322639 0.217188 0.697068 0.215625 0.699884 0.215625 0.702699 0.214063 0.699884 0.214063 0.688623 0.212500 0.685807 0.212500 0.682992 0.214063 0.682992 0.221875 0.725221 0.220313 0.722406 0.220313 0.708329 0.220313 0.711145 0.226562 0.736482 0.226562 0.733667 0.228125 0.736482 0.232813 0.773080 0.232813 0.764635 0.231250 0.761819 0.232813 0.759004 0.234375 0.761819 0.237500 0.787157 0.237500 0.784341 0.239062 0.781526 0.239062 0.784341 0.246875 0.818125 0.248438 0.820940 0.246875 0.823755 0.246875 0.826570 0.245313 0.823755 0.245313 0.806864 0.245313 0.809679 0.253125 0.849093 0.251563 0.846277 0.251563 0.832201 0.251563 0.835016 0.264063 0.896952 0.264063 0.891321 0.262500 0.888506 0.262500 0.880060 0.260938 0.877245 0.259375 0.877245 0.257812 0.874430 0.257812 0.868799 0.256250 0.865984 0.256250 0.860354 0.257812 0.857538 0.259375 0.860354 0.271875 0.925105 0.270313 0.922289 0.270313 0.911028 0.268750 0.908213 0.270313 0.905398 0.270313 0.908213 0.278125 0.947627 0.276563 0.944811 0.276563 0.933550 0.276563 0.936366
0 0.707813 0.930735 0.709375 0.933550 0.707813 0.930735 0.653125 0.798418 0.653125 0.795603 0.576563 0.606980 0.565625 0.581643 0.565625 0.584458 0.551563 0.550675 0.551563 0.547859 0.545313 0.530968 0.546875 0.533783 0.546875 0.536598 0.548438 0.539414 0.540625 0.516892 0.539062 0.516892 0.539062 0.514076 0.534375 0.500000 0.534375 0.508446 0.532813 0.505631 0.509375 0.435249 0.509375 0.443695 0.512500 0.449325 0.514063 0.449325 0.515625 0.452141 0.515625 0.454956 0.517187 0.457771 0.517187 0.463402 0.518750 0.466217 0.520313 0.466217 0.523438 0.471847 0.523438 0.477478 0.525000 0.480293 0.526563 0.480293 0.528125 0.483108 0.528125 0.488739 0.529688 0.491554 0.529688 0.494369 0.501562 0.421173 0.504688 0.426803 0.503125 0.429618 0.501562 0.429618 0.501562 0.426803 0.489063 0.390205 0.490625 0.393020 0.490625 0.398651 0.493750 0.404281 0.495313 0.404281 0.495313 0.407096 0.498438 0.412727 0.498438 0.415542 0.495313 0.415542 0.484375 0.378944 0.484375 0.387390 0.482813 0.384574 0.478125 0.367683 0.478125 0.370498 0.476562 0.370498 0.465625 0.336715 0.464063 0.336715 0.464063 0.333900 0.459375 0.322639 0.459375 0.322639 0.464063 0.333900 0.465625 0.336715 0.476562 0.370498 0.476562 0.367683 0.478125 0.367683 0.482813 0.384574 0.482813 0.378944 0.484375 0.378944 0.495313 0.415542 0.495313 0.407096 0.493750 0.404281 0.490625 0.404281 0.489063 0.401466 0.489063 0.395835 0.487500 0.393020 0.487500 0.390205 0.489063 0.390205 0.501562 0.426803 0.500000 0.423988 0.500000 0.421173 0.501562 0.421173 0.529688 0.494369 0.528125 0.494369 0.526563 0.491554 0.526563 0.485924 0.520313 0.474663 0.520313 0.471847 0.518750 0.469032 0.518750 0.466217 0.517187 0.463402 0.515625 0.463402 0.514063 0.460586 0.514063 0.452141 0.512500 0.449325 0.510938 0.449325 0.507812 0.443695 0.507812 0.440880 0.506250 0.438064 0.506250 0.435249 0.509375 0.435249 0.532813 0.505631 0.532813 0.497185 0.534375 0.500000 0.539062 0.514076 0.540625 0.516892 0.548438 0.539414 0.546875 0.539414 0.545313 0.536598 0.545313 0.528153 0.545313 0.530968 0.551563 0.547859 0.551563 0.550675 0.565625 0.584458 0.564063 0.581643 0.565625 0.581643 0.576563 0.606980 0.576563 0.606980 0.653125 0.795603 0.653125 0.798418
0 0.564063 0.930735 0.564063 0.933550 0.565625 0.933550 0.564063 0.930735 0.557813 0.913844 0.559375 0.916659 0.559375 0.922289 0.553125 0.896952 0.553125 0.902582 0.551563 0.902582 0.545313 0.874430 0.546875 0.877245 0.546875 0.888506 0.545313 0.885691 0.545313 0.880060 0.540625 0.860354 0.540625 0.863169 0.542188 0.865984 0.534375 0.840647 0.534375 0.851908 0.532813 0.849093 0.532813 0.843462 0.531250 0.840647 0.528125 0.826570 0.528125 0.829386 0.529688 0.832201 0.528125 0.835016 0.521875 0.806864 0.521875 0.815309 0.520313 0.812494 0.514063 0.789972 0.515625 0.792787 0.515625 0.798418 0.515625 0.795603 0.509375 0.773080 0.509375 0.778711 0.507812 0.775896 0.503125 0.753374 0.503125 0.761819 0.503125 0.759004 0.501562 0.756189 0.496875 0.736482 0.496875 0.739297 0.498438 0.742113 0.490625 0.716775 0.490625 0.725221 0.487500 0.719590 0.487500 0.716775 0.471875 0.666100 0.471875 0.668916 0.473438 0.671731 0.473438 0.677362 0.475000 0.680177 0.476562 0.680177 0.478125 0.682992 0.478125 0.688623 0.484375 0.699884 0.484375 0.705514 0.485937 0.708329 0.484375 0.711145 0.482813 0.708329 0.482813 0.705514 0.465625 0.649209 0.465625 0.654839 0.464063 0.652024 0.459375 0.626687 0.459375 0.637948 0.459375 0.635133 0.457813 0.632317 0.453125 0.612610 0.453125 0.621056 0.451563 0.618241 0.446875 0.592904 0.446875 0.598534 0.445312 0.598534 0.439062 0.576012 0.440625 0.578827 0.440625 0.584458 0.434375 0.559121 0.434375 0.567566 0.432813 0.564751 0.426563 0.542229 0.428125 0.545044 0.428125 0.550675 0.421875 0.525337 0.421875 0.530968 0.420313 0.528153 0.414062 0.505631 0.415625 0.508446 0.415625 0.516892 0.415625 0.514076 0.409375 0.491554 0.409375 0.497185 0.407812 0.494369 0.403125 0.471847 0.403125 0.474663 0.401563 0.474663 0.396875 0.457771 0.396875 0.460586 0.390625 0.438064 0.390625 0.440880 0.389063 0.438064 0.384375 0.426803 0.384375 0.423988 0.378125 0.404281 0.376562 0.404281 0.376562 0.401466 0.278125 0.134016 0.278125 0.111494 0.271875 0.111494 0.271875 0.134016 0.278125 0.134016 0.376562 0.401466 0.378125 0.404281 0.384375 0.423988 0.384375 0.426803 0.389063 0.438064 0.389063 0.435249 0.390625 0.438064 0.396875 0.460586 0.395313 0.457771 0.396875 0.457771 0.401563 0.474663 0.401563 0.469032 0.403125 0.471847 0.407812 0.494369 0.407812 0.491554 0.409375 0.491554 0.415625 0.514076 0.414062 0.511261 0.414062 0.502815 0.414062 0.505631 0.420313 0.528153 0.420313 0.522522 0.421875 0.525337 0.428125 0.550675 0.426563 0.547859 0.426563 0.539414 0.426563 0.542229 0.432813 0.564751 0.432813 0.556305 0.434375 0.559121 0.440625 0.584458 0.439062 0.581643 0.439062 0.573197 0.439062 0.576012 0.445312 0.598534 0.445312 0.592904 0.446875 0.592904 0.451563 0.618241 0.451563 0.609795 0.453125 0.612610 0.457813 0.632317 0.457813 0.626687 0.459375 0.626687 0.464063 0.652024 0.464063 0.646394 0.465625 0.649209 0.482813 0.705514 0.481250 0.702699 0.481250 0.699884 0.479688 0.697068 0.478125 0.697068 0.476562 0.694253 0.476562 0.688623 0.475000 0.685807 0.475000 0.682992 0.470312 0.674546 0.470312 0.663285 0.471875 0.666100 0.487500 0.716775 0.489063 0.713960 0.490625 0.716775 0.498438 0.742113 0.496875 0.744928 0.495313 0.742113 0.495313 0.733667 0.496875 0.736482 0.501562 0.756189 0.501562 0.750558 0.503125 0.753374 0.507812 0.775896 0.507812 0.770265 0.509375 0.773080 0.515625 0.795603 0.514063 0.792787 0.514063 0.787157 0.514063 0.789972 0.520313 0.812494 0.520313 0.804048 0.521875 0.806864 0.528125 0.835016 0.526563 0.832201 0.526563 0.823755 0.528125 0.826570 0.531250 0.840647 0.532813 0.837831 0.534375 0.840647 0.542188 0.865984 0.540625 0.868799 0.539062 0.865984 0.539062 0.857538 0.540625 0.860354 0.545313 0.880060 0.543750 0.877245 0.543750 0.874430 0.545313 0.874430 0.551563 0.902582 0.551563 0.894137 0.553125 0.896952 0.559375 0.922289 0.557813 0.919474 0.557813 0.911028 0.557813 0.913844
0 0.676563 0.547859 0.678125 0.550675 0.676563 0.547859 0.671875 0.539414 0.671875 0.536598 0.615625 0.415542 0.614063 0.412727 0.582813 0.345161 0.578125 0.333900 0.578125 0.336715 0.571875 0.322639 0.565625 0.311377 0.559375 0.291671 0.557813 0.291671 0.557813 0.288855 0.553125 0.277594 0.553125 0.280410 0.551563 0.280410 0.546875 0.266333 0.546875 0.269149 0.545313 0.269149 0.540625 0.255072 0.540625 0.257887 0.534375 0.243811 0.526563 0.224104 0.521875 0.212843 0.520313 0.212843 0.520313 0.210028 0.515625 0.198767 0.515625 0.201582 0.514063 0.201582 0.509375 0.187506 0.509375 0.190321 0.478125 0.119940 0.470312 0.108679 0.470312 0.103048 0.465625 0.103048 0.465625 0.108679 0.470312 0.108679 0.478125 0.119940 0.478125 0.119940 0.509375 0.190321 0.507812 0.187506 0.509375 0.187506 0.514063 0.201582 0.514063 0.198767 0.515625 0.198767 0.520313 0.210028 0.521875 0.212843 0.526563 0.224104 0.526563 0.224104 0.534375 0.243811 0.534375 0.243811 0.540625 0.257887 0.539062 0.255072 0.540625 0.255072 0.545313 0.269149 0.545313 0.266333 0.546875 0.266333 0.551563 0.280410 0.551563 0.277594 0.553125 0.277594 0.557813 0.288855 0.559375 0.291671 0.565625 0.311377 0.565625 0.311377 0.571875 0.322639 0.571875 0.322639 0.578125 0.336715 0.576563 0.333900 0.578125 0.333900 0.582813 0.345161 0.582813 0.345161 0.614063 0.412727 0.615625 0.415542 0.671875 0.536598 0.671875 0.539414
0 0.976562 0.626687 0.976562 0.626687 0.971875 0.618241 0.970313 0.615426 0.964062 0.604165 0.959375 0.595719 0.957813 0.592904 0.953125 0.584458 0.951563 0.581643 0.828125 0.367683 0.821875 0.356422 0.821875 0.359237 0.815625 0.345161 0.815625 0.347976 0.809375 0.333900 0.809375 0.336715 0.803125 0.325454 0.801563 0.325454 0.801563 0.322639 0.796875 0.314193 0.795313 0.314193 0.795313 0.311377 0.790625 0.302932 0.789062 0.302932 0.789062 0.300116 0.784375 0.291671 0.782813 0.291671 0.782813 0.288855 0.770313 0.269149 0.764063 0.257887 0.757812 0.246626 0.728125 0.198767 0.721875 0.187506 0.715625 0.176245 0.651563 0.063634 0.651563 0.055189 0.651563 0.063634 0.715625 0.176245 0.715625 0.176245 0.721875 0.187506 0.721875 0.187506 0.728125 0.198767 0.728125 0.198767 0.757812 0.246626 0.757812 0.246626 0.764063 0.257887 0.764063 0.257887 0.770313 0.269149 0.770313 0.269149 0.782813 0.288855 0.784375 0.291671 0.789062 0.300116 0.790625 0.302932 0.795313 0.311377 0.796875 0.314193 0.801563 0.322639 0.803125 0.325454 0.809375 0.336715 0.807812 0.333900 0.809375 0.333900 0.815625 0.347976 0.814063 0.345161 0.815625 0.345161 0.821875 0.359237 0.820312 0.356422 0.821875 0.356422 0.828125 0.367683 0.828125 0.367683 0.951563 0.581643 0.953125 0.584458 0.957813 0.592904 0.959375 0.595719 0.964062 0.604165 0.964062 0.604165 0.970313 0.615426 0.971875 0.618241
0 0.965625 0.863169 0.965625 0.863169 0.959375 0.851908 0.951563 0.835016 0.953125 0.837831 0.953125 0.840647 0.953125 0.837831 0.945312 0.820940 0.939063 0.809679 0.934375 0.798418 0.932812 0.798418 0.932812 0.795603 0.926563 0.784341 0.928125 0.787157 0.928125 0.789972 0.926563 0.789972 0.920313 0.773080 0.921875 0.775896 0.921875 0.778711 0.920313 0.778711 0.915625 0.761819 0.915625 0.770265 0.912500 0.764635 0.909375 0.750558 0.909375 0.756189 0.907813 0.756189 0.906250 0.753374 0.904688 0.742113 0.903125 0.744928 0.901562 0.744928 0.901562 0.742113 0.900000 0.739297 0.892188 0.719590 0.892188 0.722406 0.893750 0.725221 0.895313 0.725221 0.898438 0.730852 0.896875 0.733667 0.893750 0.728036 0.893750 0.725221 0.885937 0.708329 0.884375 0.711145 0.881250 0.705514 0.882812 0.702699 0.879688 0.697068 0.878125 0.699884 0.876563 0.697068 0.876563 0.691438 0.873438 0.685807 0.870312 0.685807 0.870312 0.680177 0.865625 0.668916 0.865625 0.671731 0.867188 0.674546 0.865625 0.674546 0.826563 0.595719 0.821875 0.584458 0.820312 0.584458 0.820312 0.581643 0.815625 0.573197 0.814063 0.573197 0.814063 0.570382 0.809375 0.559121 0.809375 0.561936 0.807812 0.561936 0.803125 0.547859 0.803125 0.550675 0.801563 0.550675 0.796875 0.536598 0.796875 0.539414 0.795313 0.539414 0.728125 0.404281 0.726562 0.401466 0.657813 0.269149 0.653125 0.257887 0.651563 0.257887 0.651563 0.255072 0.646875 0.246626 0.645313 0.246626 0.645313 0.243811 0.640625 0.232550 0.640625 0.235365 0.639063 0.235365 0.634375 0.221289 0.634375 0.224104 0.632812 0.224104 0.628125 0.210028 0.628125 0.212843 0.626563 0.212843 0.621875 0.198767 0.621875 0.201582 0.620313 0.201582 0.615625 0.187506 0.615625 0.190321 0.609375 0.176245 0.609375 0.179060 0.590625 0.142462 0.584375 0.131201 0.582813 0.122755 0.578125 0.111494 0.578125 0.119940 0.578125 0.117124 0.576563 0.114309 0.570312 0.100233 0.570312 0.097418 0.564063 0.086156 0.565625 0.088972 0.564063 0.088972 0.559375 0.080526 0.559375 0.066450 0.553125 0.066450 0.553125 0.083341 0.557813 0.083341 0.559375 0.080526 0.564063 0.088972 0.562500 0.086156 0.564063 0.086156 0.570312 0.097418 0.570312 0.100233 0.576563 0.114309 0.576563 0.108679 0.578125 0.111494 0.582813 0.122755 0.582813 0.122755 0.584375 0.131201 0.584375 0.131201 0.590625 0.142462 0.590625 0.142462 0.609375 0.179060 0.607813 0.176245 0.609375 0.176245 0.615625 0.190321 0.614063 0.187506 0.615625 0.187506 0.620313 0.201582 0.620313 0.198767 0.621875 0.198767 0.626563 0.212843 0.626563 0.210028 0.628125 0.210028 0.632812 0.224104 0.632812 0.221289 0.634375 0.221289 0.639063 0.235365 0.639063 0.232550 0.640625 0.232550 0.645313 0.243811 0.646875 0.246626 0.651563 0.255072 0.653125 0.257887 0.657813 0.269149 0.657813 0.269149 0.726562 0.401466 0.728125 0.404281 0.795313 0.539414 0.795313 0.536598 0.796875 0.536598 0.801563 0.550675 0.801563 0.547859 0.803125 0.547859 0.807812 0.561936 0.807812 0.559121 0.809375 0.559121 0.814063 0.570382 0.815625 0.573197 0.820312 0.581643 0.821875 0.584458 0.826563 0.595719 0.826563 0.595719 0.865625 0.674546 0.864063 0.671731 0.864063 0.668916 0.865625 0.668916 0.870312 0.680177 0.873438 0.685807 0.876563 0.691438 0.879688 0.697068 0.882812 0.702699 0.885937 0.708329 0.893750 0.725221 0.892188 0.722406 0.890625 0.722406 0.887500 0.716775 0.889063 0.713960 0.892188 0.719590 0.900000 0.739297 0.901562 0.736482 0.904688 0.742113 0.906250 0.753374 0.906250 0.750558 0.909375 0.750558 0.912500 0.764635 0.912500 0.761819 0.915625 0.761819 0.920313 0.778711 0.918750 0.775896 0.918750 0.773080 0.920313 0.773080 0.926563 0.789972 0.926563 0.787157 0.925000 0.784341 0.926563 0.784341 0.932812 0.795603 0.934375 0.798418 0.939063 0.809679 0.939063 0.809679 0.945312 0.820940 0.945312 0.820940 0.953125 0.837831 0.951563 0.835016 0.951563 0.832201 0.951563 0.835016 0.959375 0.851908 0.959375 0.851908
0 0.965625 0.390205 0.965625 0.390205 0.960938 0.378944 0.960938 0.381759 0.959375 0.381759 0.942188 0.350791 0.943750 0.353606 0.945312 0.353606 0.948437 0.359237 0.948437 0.362052 0.950000 0.364867 0.951563 0.364867 0.953125 0.367683 0.954688 0.367683 0.956250 0.370498 0.951563 0.370498 0.950000 0.367683 0.950000 0.364867 0.934375 0.333900 0.934375 0.339530 0.932812 0.336715 0.931250 0.336715 0.923438 0.322639 0.926563 0.322639 0.928125 0.325454 0.928125 0.328269 0.926563 0.328269 0.925000 0.325454 0.923438 0.325454 0.901562 0.286040 0.904688 0.291671 0.904688 0.294486 0.906250 0.297301 0.909375 0.297301 0.918750 0.314193 0.914062 0.314193 0.912500 0.311377 0.912500 0.308562 0.910938 0.305747 0.909375 0.305747 0.906250 0.300116 0.896875 0.277594 0.898438 0.280410 0.889063 0.266333 0.890625 0.269149 0.890625 0.271964 0.889063 0.269149 0.887500 0.269149 0.879688 0.255072 0.881250 0.257887 0.882812 0.257887 0.881250 0.257887 0.871875 0.240996 0.873438 0.243811 0.873438 0.246626 0.865625 0.232550 0.867188 0.232550 0.867188 0.235365 0.865625 0.238181 0.859375 0.226920 0.857813 0.224104 0.856250 0.224104 0.856250 0.221289 0.857813 0.218474 0.853125 0.210028 0.853125 0.215659 0.851562 0.212843 0.850000 0.212843 0.845313 0.198767 0.846875 0.201582 0.843750 0.201582 0.842188 0.198767 0.835938 0.187506 0.837500 0.190321 0.834375 0.190321 0.828125 0.176245 0.829688 0.176245 0.829688 0.179060 0.826563 0.179060 0.823437 0.167799 0.821875 0.170614 0.818750 0.164984 0.820312 0.162169 0.815625 0.153723 0.817188 0.156538 0.815625 0.159353 0.814063 0.156538 0.812500 0.156538 0.809375 0.142462 0.809375 0.148092 0.806250 0.142462 0.801563 0.131201 0.803125 0.134016 0.800000 0.134016 0.798438 0.131201 0.792187 0.119940 0.789062 0.119940 0.785938 0.111494 0.782813 0.111494 0.782813 0.105863 0.779688 0.100233 0.776562 0.100233 0.775000 0.097418 0.776562 0.094602 0.771875 0.086156 0.771875 0.088972 0.770313 0.088972 0.746875 0.052373 0.742188 0.041112 0.742188 0.032667 0.734375 0.032667 0.734375 0.041112 0.742188 0.041112 0.746875 0.052373 0.746875 0.052373 0.770313 0.088972 0.768750 0.086156 0.771875 0.086156 0.776562 0.094602 0.779688 0.100233 0.782813 0.105863 0.785938 0.111494 0.789062 0.119940 0.792187 0.119940 0.798438 0.131201 0.796875 0.131201 0.801563 0.131201 0.806250 0.142462 0.804688 0.142462 0.809375 0.142462 0.812500 0.156538 0.812500 0.153723 0.815625 0.153723 0.820312 0.162169 0.823437 0.167799 0.826563 0.179060 0.825000 0.176245 0.826563 0.173430 0.828125 0.176245 0.834375 0.190321 0.832813 0.187506 0.835938 0.187506 0.842188 0.198767 0.840625 0.198767 0.845313 0.198767 0.850000 0.212843 0.850000 0.210028 0.853125 0.210028 0.857813 0.218474 0.860938 0.224104 0.859375 0.226920 0.865625 0.238181 0.862500 0.232550 0.864063 0.229735 0.865625 0.232550 0.873438 0.246626 0.870312 0.246626 0.870312 0.240996 0.871875 0.240996 0.881250 0.257887 0.879688 0.255072 0.878125 0.255072 0.879688 0.255072 0.887500 0.269149 0.885937 0.266333 0.884375 0.266333 0.889063 0.266333 0.898438 0.280410 0.896875 0.283225 0.893750 0.277594 0.896875 0.277594 0.906250 0.300116 0.906250 0.297301 0.904688 0.294486 0.903125 0.294486 0.900000 0.288855 0.900000 0.286040 0.901562 0.286040 0.923438 0.325454 0.921875 0.322639 0.920313 0.322639 0.921875 0.319823 0.923438 0.322639 0.931250 0.336715 0.929688 0.333900 0.934375 0.333900 0.950000 0.364867 0.948437 0.362052 0.946875 0.362052 0.943750 0.356422 0.943750 0.353606 0.942188 0.350791 0.940625 0.350791 0.939063 0.347976 0.937500 0.347976 0.937500 0.345161 0.939063 0.342345 0.942188 0.347976 0.942188 0.350791 0.959375 0.381759 0.957813 0.378944 0.960938 0.378944
0 0.915625 0.000000 0.915625 0.010144 0.923438 0.010144 0.929688 0.021405 0.931250 0.021405 0.932812 0.024221 0.934375 0.024221 0.939063 0.032667 0.942188 0.032667 0.948437 0.043928 0.950000 0.043928 0.956250 0.055189 0.957813 0.055189 0.959375 0.058004 0.960938 0.058004 0.962500 0.060819 0.962500 0.063634 0.964062 0.066450 0.967188 0.066450 0.968750 0.069265 0.970313 0.069265 0.971875 0.072080 0.971875 0.074895 0.973438 0.077711 0.975000 0.077711 0.976562 0.080526 0.979687 0.080526 0.981250 0.083341 0.981250 0.086156 0.982813 0.088972 0.984375 0.088972 0.985938 0.091787 0.987500 0.091787 0.992188 0.100233 0.993750 0.100233 0.995312 0.103048 0.998438 0.103048 0.998438 0.094602 0.992188 0.094602 0.990625 0.091787 0.990625 0.088972 0.989063 0.086156 0.985938 0.086156 0.982813 0.080526 0.982813 0.077711 0.981250 0.077711 0.978125 0.072080 0.975000 0.072080 0.970313 0.063634 0.968750 0.063634 0.962500 0.052373 0.960938 0.052373 0.957813 0.046743 0.956250 0.046743 0.951563 0.038297 0.948437 0.038297 0.946875 0.035482 0.946875 0.032667 0.945312 0.029851 0.942188 0.029851 0.935938 0.018590 0.934375 0.018590 0.932812 0.015775 0.931250 0.015775 0.929688 0.012960 0.929688 0.000000
