0 0.700904 0.500788 0.047804 0.079078 0 0.851071 0
0 0.542772 0.219071 0.024131 0.051137 0 0.842039 0
0 0.485057 0.654605 0.031980 0.096660 0 0.789332 0
0 0.184664 0.529850 0.033165 0.087566 0 0.798387 1
0 0.227982 0.422511 0.019193 0.085290 0 0.788679 1
0 0.240399 0.451538 0.022976 0.083478 0 0.763533 1
0 0.104769 0.515994 0.021077 0.084102 0 0.714231 1
0 0.102559 0.502756 0.023924 0.080518 0 0.676571 1
0 0.124445 0.366309 0.032079 0.085241 0 0.660329 1
0 0.159258 0.468592 0.049281 0.044361 0 0.596975 1
0 0.122117 0.356892 0.027166 0.076674 0 0.552254 1
0 0.796466 0.583371 0.040567 0.083032 1 0.886873 0
0 0.554471 0.554155 0.022249 0.085338 1 0.874790 0
0 0.433045 0.172678 0.032260 0.070433 1 0.859532 0
0 0.695801 0.227256 0.022391 0.063500 1 0.858931 0
0 0.662359 0.418783 0.034157 0.084875 1 0.845655 0
0 0.498033 0.344187 0.020153 0.071860 1 0.843145 0
0 0.745272 0.886319 0.041463 0.076485 1 0.476028 0
0 0.740748 0.907596 0.044719 0.092743 1 0.328730 0
0 0.202475 0.542934 0.025702 0.087772 1 0.832749 1
0 0.269901 0.426407 0.020605 0.091464 1 0.759017 1
0 0.184585 0.458423 0.023780 0.071663 1 0.748408 1
