0 0.796466 0.583371 0.040567 0.083032
0 0.554471 0.554155 0.022249 0.085338
0 0.433045 0.172678 0.032260 0.070433
0 0.695801 0.227256 0.022391 0.063500
0 0.700904 0.500788 0.047804 0.079078
0 0.662359 0.418783 0.034157 0.084875
0 0.498033 0.344187 0.020153 0.071860
0 0.542772 0.219071 0.024131 0.051137
0 0.202475 0.542934 0.025702 0.087772
0 0.184664 0.529850 0.033165 0.087566
0 0.485057 0.654605 0.031980 0.096660
0 0.227982 0.422511 0.019193 0.085290
0 0.240399 0.451538 0.022976 0.083478
0 0.269901 0.426407 0.020605 0.091464
0 0.184585 0.458423 0.023780 0.071663
0 0.104769 0.515994 0.021077 0.084102
0 0.102559 0.502756 0.023924 0.080518
0 0.124445 0.366309 0.032079 0.085241
0 0.159258 0.468592 0.049281 0.044361
0 0.257586 0.425969 0.021673 0.084587
0 0.122117 0.356892 0.027166 0.076674
0 0.253447 0.424906 0.020992 0.082629
0 0.129227 0.353859 0.022663 0.076239
0 0.745272 0.886319 0.041463 0.076485
0 0.128793 0.362000 0.026930 0.082724
0 0.740748 0.907596 0.044719 0.092743
0 0.265261 0.427393 0.022830 0.089714
0 0.243113 0.441959 0.025228 0.089246
