0 0.718553 0.597872 0.044810 0.085479 1
0 0.517965 0.537222 0.046153 0.097849 0
0 0.492306 0.348383 0.020943 0.098746 1
0 0.605461 0.386670 0.033820 0.097489 1
0 0.490654 0.655766 0.043918 0.101702 0
0 0.588488 0.950722 0.035113 0.091244 0
0 0.685142 0.245075 0.023931 0.100290 1
0 0.493137 0.491637 0.043232 0.088526 1
0 0.226219 0.395491 0.044082 0.085231 0
0 0.325309 0.482311 0.040887 0.095340 1
0 0.625442 0.921005 0.032489 0.074902 1
0 0.146602 0.445201 0.022645 0.100056 0
0 0.281666 0.492519 0.038016 0.097209 0
0 0.214367 0.330963 0.034846 0.099918 0
0 0.340285 0.184179 0.030723 0.081092 0
0 0.304067 0.414381 0.027131 0.100684 1
0 0.282775 0.362476 0.023026 0.078618 1
0 0.277050 0.453702 0.033714 0.089575 0
0 0.348280 0.154897 0.029884 0.075054 1
0 0.222639 0.311081 0.026527 0.087006 1
0 0.275492 0.417678 0.031294 0.092444 0
0 0.280022 0.440589 0.040141 0.095565 0
0 0.342293 0.152607 0.044013 0.069937 1
