0 0.551360 0.227085 0.037400 0.058654 0.876563
0 0.438429 0.172379 0.029506 0.066865 0.874445
0 0.555056 0.559673 0.023795 0.081774 0.874018
0 0.670241 0.421462 0.027277 0.082511 0.871274
0 0.498606 0.344446 0.023428 0.064913 0.869981
0 0.793291 0.585518 0.041483 0.077355 0.865910
0 0.700960 0.229393 0.022735 0.066655 0.859787
0 0.483303 0.660044 0.029021 0.101174 0.845161
0 0.710499 0.505541 0.037428 0.084544 0.843921
0 0.181248 0.533452 0.032327 0.080361 0.828892
0 0.200345 0.545373 0.030131 0.090821 0.819338
0 0.101040 0.517848 0.021514 0.089999 0.805636
0 0.268920 0.424484 0.019958 0.091342 0.779795
0 0.225983 0.426476 0.019278 0.088222 0.774486
0 0.241069 0.448839 0.019676 0.086283 0.770726
0 0.179751 0.466386 0.025531 0.068719 0.767045
0 0.254138 0.425800 0.022373 0.085187 0.681743
0 0.123019 0.366552 0.029870 0.083147 0.666839
0 0.157183 0.467987 0.038900 0.042269 0.638429
0 0.127509 0.363175 0.026699 0.086017 0.566426
0 0.131793 0.353482 0.019410 0.077846 0.521065
