0 0.499066 0.903998 0.044687 0.118761
0 0.606034 0.895936 0.031388 0.114188
0 0.634612 0.627772 0.031238 0.103017
0 0.386413 0.313041 0.046464 0.068182
0 0.413164 0.685174 0.043657 0.122571
0 0.730565 0.295370 0.024474 0.106959
0 0.404339 0.562017 0.050354 0.103572
0 0.255518 0.141300 0.038115 0.092262
0 0.529723 0.387982 0.023826 0.107216
0 0.640564 0.330638 0.025022 0.105290
0 0.326913 0.353702 0.035385 0.089875
0 0.451587 0.490347 0.048339 0.104200
0 0.439149 0.307432 0.020857 0.105147
0 0.345645 0.119031 0.023764 0.101947
0 0.369531 0.470634 0.040492 0.102545
0 0.405380 0.386482 0.045458 0.073139
0 0.239203 0.416447 0.026303 0.109136
0 0.343900 0.389548 0.033276 0.081953
0 0.361658 0.437925 0.033112 0.098372
0 0.226815 0.387608 0.025396 0.090673
0 0.429588 0.460666 0.033907 0.073835
0 0.375419 0.409726 0.031687 0.071775
0 0.371274 0.416329 0.035743 0.075370
0 0.369178 0.426572 0.038105 0.099020
0 0.384018 0.404463 0.038559 0.085060
0 0.402323 0.397098 0.043484 0.086709
