0 0.603338 0.896331 0.034680 0.110824 0.893972
0 0.498191 0.903128 0.043794 0.118253 0.886815
0 0.642420 0.622314 0.034147 0.099930 0.881066
0 0.411457 0.684367 0.043868 0.124822 0.880982
0 0.403855 0.561662 0.051481 0.100958 0.879637
0 0.717622 0.278120 0.022434 0.107136 0.878825
0 0.254551 0.141102 0.037780 0.093750 0.875762
0 0.621540 0.343617 0.027196 0.106263 0.874101
0 0.383735 0.310773 0.045118 0.070059 0.866239
0 0.425435 0.315968 0.032330 0.096104 0.859795
0 0.521265 0.373128 0.024531 0.108824 0.858140
0 0.326390 0.352372 0.036294 0.088254 0.840837
0 0.451882 0.493187 0.045602 0.097531 0.835010
0 0.342553 0.121021 0.025371 0.100219 0.826198
0 0.403704 0.389745 0.046577 0.082515 0.813521
0 0.366908 0.469895 0.036562 0.096847 0.809974
0 0.342419 0.390108 0.033421 0.083332 0.805546
0 0.235731 0.417386 0.029207 0.106400 0.804964
0 0.226069 0.386012 0.025618 0.086269 0.758722
0 0.356227 0.442966 0.030915 0.092071 0.751157
0 0.373714 0.409298 0.028092 0.070099 0.733683
0 0.429183 0.459362 0.034673 0.072249 0.715838
0 0.371043 0.414331 0.031166 0.088643 0.430402
