0 0.603667 0.897984 0.035031 0.108101 0.912248
0 0.498206 0.903463 0.043451 0.117009 0.886416
0 0.404356 0.563169 0.051490 0.100972 0.883088
0 0.411664 0.684545 0.044761 0.122384 0.878993
0 0.254964 0.141349 0.037485 0.093138 0.877690
0 0.649380 0.621619 0.031467 0.099413 0.876539
0 0.400905 0.378306 0.049104 0.072232 0.873269
0 0.517933 0.373357 0.032030 0.108958 0.864359
0 0.382946 0.311402 0.047653 0.067348 0.862466
0 0.618345 0.348722 0.028506 0.102504 0.862233
0 0.424406 0.316663 0.033635 0.096376 0.861390
0 0.714737 0.270614 0.020536 0.104507 0.854972
0 0.324595 0.348688 0.036610 0.089305 0.843019
0 0.449268 0.489161 0.050614 0.103906 0.840855
0 0.341329 0.121624 0.025214 0.099585 0.830658
0 0.341297 0.388738 0.033042 0.083204 0.813616
0 0.235875 0.419909 0.030267 0.101500 0.799508
0 0.364588 0.464404 0.037011 0.091416 0.780740
0 0.226310 0.386067 0.026360 0.086292 0.761487
0 0.357121 0.429378 0.034749 0.085549 0.700016
0 0.428915 0.459346 0.032822 0.069973 0.687200
0 0.360401 0.414409 0.041915 0.086886 0.659227
0 0.366204 0.410488 0.032829 0.077858 0.656885
