0 0.728007 0.504369 0.025841 0.086342 0 0.864482 0
0 0.479011 0.671573 0.025205 0.092800 0 0.861425 0
0 0.562283 0.234165 0.019794 0.052474 0 0.817903 0
0 0.126574 0.362541 0.027375 0.083116 0 0.774534 0
0 0.097144 0.521148 0.024354 0.088918 0 0.840987 1
0 0.224356 0.435614 0.020284 0.090793 0 0.806924 1
0 0.179631 0.533477 0.029375 0.077387 0 0.800366 1
0 0.241466 0.451039 0.018537 0.086647 0 0.775175 1
0 0.159511 0.469644 0.038578 0.040382 0 0.634261 1
0 0.555661 0.571908 0.025212 0.079289 1 0.876414 0
0 0.790058 0.586595 0.035414 0.070985 1 0.862683 0
0 0.451274 0.175143 0.025137 0.064206 1 0.861356 0
0 0.706768 0.233000 0.020615 0.062288 1 0.860628 0
0 0.500989 0.355576 0.023157 0.073400 1 0.851679 0
0 0.678809 0.423419 0.026350 0.076553 1 0.849693 0
0 0.138501 0.349246 0.019050 0.074438 1 0.702247 0
0 0.759679 0.884773 0.045778 0.103651 1 0.511302 0
0 0.269492 0.422537 0.021436 0.089310 1 0.801946 1
0 0.200804 0.548879 0.032274 0.087582 1 0.794817 1
0 0.253350 0.426141 0.021410 0.082390 1 0.680453 1
