0 0.498070 0.903442 0.043980 0.118340 0 0.884437 0
0 0.411137 0.684348 0.043667 0.124836 0 0.878561 0
0 0.254652 0.141247 0.037540 0.093224 0 0.875515 0
0 0.403809 0.561792 0.051606 0.101022 0 0.877679 1
0 0.326181 0.352742 0.035811 0.088689 0 0.846184 1
0 0.366615 0.471403 0.037440 0.099967 0 0.808284 1
0 0.342623 0.391195 0.033383 0.085541 0 0.805256 1
0 0.235805 0.417569 0.028862 0.106275 0 0.803886 1
0 0.226033 0.386140 0.025652 0.086053 0 0.763176 1
0 0.357219 0.442915 0.031604 0.093699 0 0.749198 1
0 0.376716 0.411824 0.030677 0.070784 0 0.709612 1
0 0.603188 0.895237 0.034064 0.112597 1 0.890830 0
0 0.641199 0.623020 0.031702 0.098682 1 0.885610 0
0 0.623298 0.339729 0.025739 0.101497 1 0.879906 0
0 0.719675 0.281581 0.027248 0.108847 1 0.864067 0
0 0.342048 0.121284 0.023223 0.099821 1 0.834234 0
0 0.383739 0.310879 0.044942 0.069610 1 0.868062 1
0 0.426346 0.317193 0.032791 0.099007 1 0.850949 1
0 0.522014 0.375035 0.023576 0.110517 1 0.849599 1
0 0.451879 0.493286 0.045530 0.098247 1 0.834120 1
0 0.403765 0.387477 0.045806 0.077056 1 0.812839 1
0 0.428795 0.459932 0.034878 0.072088 1 0.723680 1
