0 0.470130 0.661262 0.042697 0.103708 0.887571
0 0.710867 0.606212 0.035370 0.098033 0.882185
0 0.690435 0.244449 0.028508 0.097265 0.878062
0 0.567609 0.928003 0.041675 0.079804 0.870741
0 0.489837 0.542134 0.049208 0.106108 0.863864
0 0.620463 0.919382 0.035495 0.092812 0.855434
0 0.604215 0.373992 0.030319 0.098951 0.852306
0 0.495920 0.349403 0.026043 0.109596 0.851952
0 0.351716 0.472797 0.035723 0.102736 0.850933
0 0.172178 0.431116 0.031142 0.097066 0.848973
0 0.230159 0.391117 0.039886 0.084736 0.842866
0 0.295179 0.487452 0.040784 0.103865 0.839371
0 0.313099 0.168964 0.029602 0.066655 0.826385
0 0.322777 0.342006 0.027976 0.089457 0.823922
0 0.482162 0.496367 0.033935 0.096519 0.793531
0 0.327892 0.419889 0.033633 0.112619 0.762006
0 0.293626 0.406027 0.034790 0.109705 0.722255
0 0.254308 0.315247 0.025682 0.098875 0.694417
0 0.237328 0.325405 0.041896 0.097388 0.687900
0 0.336546 0.138864 0.031417 0.072892 0.649609
0 0.302656 0.436653 0.036457 0.102026 0.551067
0 0.299200 0.421152 0.035199 0.097060 0.334908
0 0.305884 0.424642 0.038536 0.111159 0.278663
