0 0.526896 0.534128 0.050819 0.097634 0 0.891795 0
0 0.496571 0.653139 0.052803 0.102195 0 0.890228 0
0 0.595994 0.947648 0.053225 0.094038 0 0.856744 0
0 0.348971 0.182052 0.040596 0.084692 0 0.783771 0
0 0.222272 0.395143 0.036060 0.082660 0 0.855876 1
0 0.140987 0.450651 0.023250 0.094952 0 0.853967 1
0 0.299381 0.415484 0.027271 0.100152 0 0.798629 1
0 0.275877 0.494692 0.038693 0.088287 0 0.775922 1
0 0.205616 0.331740 0.030070 0.098375 0 0.761483 1
0 0.268173 0.425054 0.033778 0.099014 0 0.678831 1
0 0.274533 0.458442 0.032688 0.088740 0 0.622996 1
0 0.726766 0.596031 0.031947 0.092434 1 0.891686 0
0 0.609392 0.387023 0.030805 0.095352 1 0.864952 0
0 0.503980 0.491756 0.031665 0.082795 1 0.862418 0
0 0.491715 0.349033 0.022790 0.102872 1 0.856723 0
0 0.685421 0.240840 0.020036 0.092516 1 0.844806 0
0 0.629123 0.931818 0.031853 0.095476 1 0.822112 0
0 0.349510 0.162375 0.040889 0.084209 1 0.619891 0
0 0.340624 0.157446 0.039719 0.075154 1 0.275222 0
0 0.315907 0.489453 0.042994 0.092019 1 0.850315 1
0 0.271411 0.369749 0.026237 0.074772 1 0.768374 1
0 0.286105 0.421390 0.034125 0.100478 1 0.400725 1
