0 0.555661 0.571908 0.025212 0.079289 1
0 0.728007 0.504369 0.025841 0.086342 0
0 0.790058 0.586595 0.035414 0.070985 1
0 0.479011 0.671573 0.025205 0.092800 0
0 0.451274 0.175143 0.025137 0.064206 1
0 0.706768 0.233000 0.020615 0.062288 1
0 0.500989 0.355576 0.023157 0.073400 1
0 0.678809 0.423419 0.026350 0.076553 1
0 0.097144 0.521148 0.024354 0.088918 0
0 0.562283 0.234165 0.019794 0.052474 0
0 0.224356 0.435614 0.020284 0.090793 0
0 0.269492 0.422537 0.021436 0.089310 1
0 0.179631 0.533477 0.029375 0.077387 0
0 0.200804 0.548879 0.032274 0.087582 1
0 0.241466 0.451039 0.018537 0.086647 0
0 0.126574 0.362541 0.027375 0.083116 0
0 0.138501 0.349246 0.019050 0.074438 1
0 0.253350 0.426141 0.021410 0.082390 1
0 0.176053 0.478729 0.026228 0.071379 1
0 0.159511 0.469644 0.038578 0.040382 0
0 0.759679 0.884773 0.045778 0.103651 1
0 0.194564 0.540841 0.035976 0.077742 1
0 0.173285 0.472742 0.030477 0.054252 1
0 0.258724 0.424667 0.023277 0.087039 1
