0 0.494366 0.537120 0.053368 0.099063 0 0.886625 0
0 0.573689 0.938104 0.037278 0.081688 0 0.883865 0
0 0.475592 0.659022 0.039493 0.100272 0 0.864935 0
0 0.316919 0.167640 0.043440 0.076949 0 0.762159 0
0 0.321616 0.156764 0.048431 0.082299 0 0.262679 0
0 0.161251 0.434054 0.022712 0.093813 0 0.864626 1
0 0.289171 0.488864 0.040896 0.103603 0 0.849063 1
0 0.228379 0.392950 0.043360 0.085330 0 0.836046 1
0 0.227450 0.323901 0.045303 0.098521 0 0.816446 1
0 0.318143 0.415720 0.029906 0.097129 0 0.743480 1
0 0.287529 0.413781 0.031030 0.099384 0 0.665417 1
0 0.712476 0.603502 0.043635 0.093774 1 0.885152 0
0 0.605358 0.380527 0.025569 0.098916 1 0.879825 0
0 0.494920 0.345318 0.021758 0.102738 1 0.872857 0
0 0.690497 0.242536 0.022684 0.097625 1 0.871427 0
0 0.622422 0.922305 0.042736 0.095193 1 0.858492 0
0 0.482195 0.494128 0.034426 0.095713 1 0.848766 0
0 0.345632 0.134334 0.047952 0.062400 1 0.625458 0
0 0.339413 0.137522 0.037421 0.070535 1 0.379677 0
0 0.340243 0.473640 0.032226 0.099417 1 0.857560 1
0 0.307350 0.343359 0.028908 0.085481 1 0.742568 1
