0 0.739441 0.585090 0.034668 0.091528 0.883300
0 0.562454 0.516075 0.047709 0.100597 0.883006
0 0.504001 0.641113 0.025380 0.100496 0.879419
0 0.494049 0.332564 0.022182 0.095129 0.878685
0 0.522887 0.494817 0.031199 0.090777 0.876576
0 0.130089 0.460438 0.032037 0.097466 0.876409
0 0.620502 0.386789 0.029806 0.088975 0.874937
0 0.388715 0.189495 0.041146 0.082123 0.856485
0 0.684672 0.228616 0.022919 0.084961 0.853580
0 0.624425 0.946022 0.049059 0.103223 0.832023
0 0.293775 0.411299 0.033786 0.098044 0.828706
0 0.370749 0.171467 0.034889 0.086114 0.825326
0 0.225670 0.395552 0.040566 0.085135 0.823874
0 0.296712 0.498761 0.038622 0.104967 0.821055
0 0.651736 0.918257 0.035776 0.081643 0.789548
0 0.268569 0.495514 0.035052 0.103372 0.786984
0 0.189071 0.331419 0.044909 0.098232 0.758010
0 0.179910 0.321893 0.026043 0.093461 0.697901
0 0.271655 0.429164 0.030924 0.091576 0.678102
0 0.251869 0.388814 0.031236 0.070294 0.584558
0 0.260869 0.413594 0.030122 0.092968 0.535097
0 0.264120 0.468405 0.031434 0.089024 0.497183
0 0.264219 0.447653 0.030181 0.098077 0.451349
0 0.193036 0.323309 0.030216 0.091837 0.398109
0 0.183032 0.327491 0.036229 0.102252 0.332590
