0 0.440625 0.978595 0.440625 0.987040 0.445312 0.987040 0.445312 0.978595 0.440625 0.978595 0.434375 0.956072 0.434375 0.967333 0.432813 0.964518 0.426563 0.936366 0.428125 0.939181 0.428125 0.947627 0.421875 0.916659 0.421875 0.927920 0.420313 0.925105 0.420313 0.922289 0.418750 0.919474 0.418750 0.916659 0.415625 0.894137 0.415625 0.908213 0.414062 0.905398 0.414062 0.902582 0.412500 0.899767 0.412500 0.894137 0.407812 0.871615 0.409375 0.874430 0.409375 0.882876 0.410938 0.885691 0.410938 0.888506 0.409375 0.888506 0.403125 0.854723 0.403125 0.865984 0.401563 0.863169 0.396875 0.835016 0.396875 0.846277 0.395313 0.843462 0.390625 0.815309 0.390625 0.823755 0.389063 0.820940 0.384375 0.792787 0.384375 0.801233 0.382812 0.798418 0.378125 0.773080 0.378125 0.778711 0.376562 0.778711 0.371875 0.750558 0.371875 0.756189 0.370313 0.756189 0.364063 0.733667 0.365625 0.736482 0.365625 0.739297 0.365625 0.736482 0.359375 0.708329 0.359375 0.716775 0.357813 0.713960 0.353125 0.691438 0.353125 0.699884 0.351562 0.697068 0.346875 0.668916 0.346875 0.677362 0.345313 0.674546 0.340625 0.649209 0.340625 0.654839 0.339063 0.654839 0.334375 0.626687 0.334375 0.635133 0.332813 0.632317 0.328125 0.604165 0.328125 0.615426 0.326563 0.612610 0.321875 0.584458 0.321875 0.595719 0.320312 0.592904 0.315625 0.564751 0.315625 0.570382 0.317188 0.573197 0.307813 0.542229 0.309375 0.545044 0.309375 0.553490 0.303125 0.522522 0.303125 0.525337 0.304688 0.528153 0.265625 0.401466 0.265625 0.409912 0.267188 0.412727 0.267188 0.415542 0.268750 0.418357 0.270313 0.418357 0.271875 0.421173 0.271875 0.426803 0.273438 0.429618 0.273438 0.435249 0.278125 0.443695 0.278125 0.446510 0.279688 0.449325 0.279688 0.454956 0.281250 0.457771 0.282813 0.457771 0.284375 0.460586 0.284375 0.466217 0.285938 0.469032 0.285938 0.474663 0.287500 0.477478 0.289062 0.477478 0.290625 0.480293 0.290625 0.488739 0.292188 0.491554 0.292188 0.494369 0.293750 0.497185 0.295313 0.497185 0.296875 0.500000 0.296875 0.514076 0.221875 0.260703 0.221875 0.263518 0.223437 0.266333 0.223437 0.271964 0.225000 0.274779 0.226562 0.274779 0.228125 0.277594 0.228125 0.286040 0.229688 0.288855 0.229688 0.291671 0.231250 0.294486 0.232813 0.294486 0.234375 0.297301 0.234375 0.305747 0.235938 0.308562 0.235938 0.311377 0.237500 0.314193 0.239062 0.314193 0.239062 0.317008 0.240625 0.319823 0.240625 0.322639 0.242188 0.325454 0.242188 0.333900 0.243750 0.336715 0.245313 0.336715 0.246875 0.339530 0.246875 0.345161 0.248438 0.347976 0.248438 0.353606 0.250000 0.356422 0.251563 0.356422 0.253125 0.359237 0.253125 0.364867 0.254687 0.367683 0.254687 0.373313 0.256250 0.376128 0.257812 0.376128 0.259375 0.378944 0.259375 0.387390 0.260938 0.390205 0.260938 0.393020 0.214063 0.238181 0.215625 0.240996 0.215625 0.249442 0.209375 0.221289 0.209375 0.232550 0.209375 0.229735 0.207812 0.226920 0.203125 0.198767 0.203125 0.210028 0.203125 0.207213 0.201563 0.204397 0.196875 0.179060 0.196875 0.187506 0.198438 0.190321 0.196875 0.190321 0.190625 0.167799 0.190625 0.164984 0.182813 0.148092 0.184375 0.145277 0.184375 0.139646 0.182813 0.136831 0.182813 0.122755 0.178125 0.122755 0.178125 0.148092 0.182813 0.148092 0.190625 0.164984 0.190625 0.167799 0.196875 0.190321 0.195312 0.187506 0.195312 0.176245 0.196875 0.179060 0.201563 0.204397 0.201563 0.195952 0.203125 0.198767 0.207812 0.226920 0.207812 0.218474 0.209375 0.221289 0.215625 0.249442 0.214063 0.246626 0.214063 0.235365 0.214063 0.238181 0.260938 0.393020 0.259375 0.393020 0.257812 0.390205 0.257812 0.384574 0.256250 0.381759 0.256250 0.376128 0.254687 0.373313 0.253125 0.373313 0.251563 0.370498 0.251563 0.362052 0.250000 0.359237 0.250000 0.356422 0.248438 0.353606 0.246875 0.353606 0.245313 0.350791 0.245313 0.347976 0.243750 0.345161 0.243750 0.336715 0.242188 0.333900 0.240625 0.333900 0.239062 0.331084 0.239062 0.325454 0.237500 0.322639 0.237500 0.317008 0.235938 0.314193 0.234375 0.314193 0.234375 0.311377 0.232813 0.308562 0.232813 0.302932 0.231250 0.300116 0.231250 0.294486 0.229688 0.291671 0.228125 0.291671 0.226562 0.288855 0.226562 0.283225 0.225000 0.280410 0.225000 0.274779 0.223437 0.271964 0.221875 0.271964 0.220313 0.269149 0.220313 0.257887 0.221875 0.260703 0.296875 0.514076 0.295313 0.511261 0.295313 0.508446 0.293750 0.505631 0.293750 0.497185 0.292188 0.494369 0.290625 0.494369 0.289062 0.491554 0.289062 0.485924 0.287500 0.483108 0.287500 0.477478 0.285938 0.474663 0.284375 0.474663 0.282813 0.471847 0.282813 0.463402 0.276563 0.452141 0.276563 0.449325 0.275000 0.446510 0.275000 0.440880 0.273438 0.438064 0.271875 0.438064 0.270313 0.435249 0.270313 0.429618 0.268750 0.426803 0.268750 0.421173 0.267188 0.418357 0.265625 0.418357 0.265625 0.415542 0.264063 0.412727 0.264063 0.398651 0.265625 0.401466 0.304688 0.528153 0.303125 0.530968 0.303125 0.533783 0.301563 0.530968 0.301563 0.519707 0.303125 0.522522 0.309375 0.553490 0.307813 0.550675 0.307813 0.539414 0.307813 0.542229 0.317188 0.573197 0.315625 0.576012 0.314063 0.573197 0.314063 0.561936 0.315625 0.564751 0.320312 0.592904 0.320312 0.581643 0.321875 0.584458 0.326563 0.612610 0.326563 0.601349 0.328125 0.604165 0.332813 0.632317 0.332813 0.623872 0.334375 0.626687 0.339063 0.654839 0.339063 0.646394 0.340625 0.649209 0.345313 0.674546 0.345313 0.668916 0.346875 0.668916 0.351562 0.697068 0.351562 0.688623 0.353125 0.691438 0.357813 0.713960 0.357813 0.705514 0.359375 0.708329 0.365625 0.736482 0.364063 0.733667 0.364063 0.728036 0.364063 0.733667 0.370313 0.756189 0.370313 0.750558 0.371875 0.750558 0.376562 0.778711 0.376562 0.770265 0.378125 0.773080 0.382812 0.798418 0.382812 0.792787 0.384375 0.792787 0.389063 0.820940 0.389063 0.812494 0.390625 0.815309 0.395313 0.843462 0.395313 0.832201 0.396875 0.835016 0.401563 0.863169 0.401563 0.851908 0.403125 0.854723 0.409375 0.888506 0.407812 0.885691 0.407812 0.880060 0.406250 0.877245 0.406250 0.871615 0.407812 0.871615 0.412500 0.894137 0.414062 0.891321 0.415625 0.894137 0.418750 0.916659 0.420313 0.913844 0.421875 0.916659 0.428125 0.947627 0.426563 0.947627 0.426563 0.933550 0.426563 0.936366 0.432813 0.964518 0.432813 0.953257 0.434375 0.956072
0 0.959375 0.570382 0.959375 0.570382 0.953125 0.559121 0.946875 0.547859 0.946875 0.550675 0.940625 0.536598 0.940625 0.539414 0.934375 0.525337 0.934375 0.528153 0.928125 0.514076 0.928125 0.516892 0.926563 0.516892 0.921875 0.502815 0.921875 0.505631 0.920313 0.505631 0.915625 0.491554 0.915625 0.494369 0.914062 0.494369 0.909375 0.480293 0.909375 0.483108 0.907813 0.483108 0.903125 0.469032 0.903125 0.471847 0.901562 0.471847 0.896875 0.457771 0.896875 0.460586 0.895313 0.460586 0.890625 0.446510 0.890625 0.449325 0.889063 0.449325 0.884375 0.435249 0.884375 0.438064 0.882812 0.438064 0.878125 0.423988 0.878125 0.426803 0.876563 0.426803 0.871875 0.415542 0.870312 0.415542 0.870312 0.412727 0.865625 0.404281 0.864063 0.404281 0.864063 0.401466 0.859375 0.393020 0.857813 0.393020 0.857813 0.390205 0.853125 0.381759 0.851562 0.381759 0.851562 0.378944 0.839062 0.359237 0.803125 0.300116 0.796875 0.288855 0.795313 0.288855 0.790625 0.277594 0.790625 0.280410 0.784375 0.266333 0.784375 0.269149 0.778125 0.255072 0.778125 0.257887 0.771875 0.243811 0.771875 0.246626 0.770313 0.246626 0.765625 0.232550 0.765625 0.235365 0.764063 0.235365 0.759375 0.221289 0.759375 0.224104 0.757812 0.224104 0.753125 0.210028 0.753125 0.212843 0.751563 0.212843 0.746875 0.198767 0.746875 0.201582 0.745312 0.201582 0.740625 0.187506 0.740625 0.190321 0.739063 0.190321 0.734375 0.179060 0.732813 0.179060 0.732813 0.176245 0.728125 0.167799 0.726562 0.167799 0.726562 0.164984 0.721875 0.156538 0.720313 0.156538 0.720313 0.153723 0.715625 0.145277 0.714063 0.145277 0.714063 0.142462 0.707813 0.134016 0.707813 0.134016 0.714063 0.142462 0.715625 0.145277 0.720313 0.153723 0.721875 0.156538 0.726562 0.164984 0.728125 0.167799 0.732813 0.176245 0.734375 0.179060 0.739063 0.190321 0.739063 0.187506 0.740625 0.187506 0.745312 0.201582 0.745312 0.198767 0.746875 0.198767 0.751563 0.212843 0.751563 0.210028 0.753125 0.210028 0.757812 0.224104 0.757812 0.221289 0.759375 0.221289 0.764063 0.235365 0.764063 0.232550 0.765625 0.232550 0.770313 0.246626 0.770313 0.243811 0.771875 0.243811 0.778125 0.257887 0.776562 0.255072 0.778125 0.255072 0.784375 0.269149 0.782813 0.266333 0.784375 0.266333 0.790625 0.280410 0.789062 0.277594 0.790625 0.277594 0.795313 0.288855 0.796875 0.288855 0.803125 0.300116 0.803125 0.300116 0.839062 0.359237 0.839062 0.359237 0.851562 0.378944 0.853125 0.381759 0.857813 0.390205 0.859375 0.393020 0.864063 0.401466 0.865625 0.404281 0.870312 0.412727 0.871875 0.415542 0.876563 0.426803 0.876563 0.423988 0.878125 0.423988 0.882812 0.438064 0.882812 0.435249 0.884375 0.435249 0.889063 0.449325 0.889063 0.446510 0.890625 0.446510 0.895313 0.460586 0.895313 0.457771 0.896875 0.457771 0.901562 0.471847 0.901562 0.469032 0.903125 0.469032 0.907813 0.483108 0.907813 0.480293 0.909375 0.480293 0.914062 0.494369 0.914062 0.491554 0.915625 0.491554 0.920313 0.505631 0.920313 0.502815 0.921875 0.502815 0.926563 0.516892 0.926563 0.514076 0.928125 0.514076 0.934375 0.528153 0.932812 0.525337 0.934375 0.525337 0.940625 0.539414 0.939063 0.536598 0.940625 0.536598 0.946875 0.550675 0.945312 0.547859 0.946875 0.547859 0.953125 0.559121 0.953125 0.559121
0 0.657813 0.787157 0.657813 0.787157 0.653125 0.773080 0.653125 0.775896 0.651563 0.775896 0.639063 0.742113 0.615625 0.682992 0.607813 0.663285 0.603125 0.649209 0.603125 0.652024 0.601562 0.652024 0.596875 0.637948 0.596875 0.640763 0.589063 0.618241 0.589063 0.615426 0.584375 0.604165 0.584375 0.606980 0.582813 0.606980 0.578125 0.592904 0.570312 0.573197 0.565625 0.559121 0.565625 0.561936 0.564063 0.561936 0.551563 0.528153 0.551563 0.525337 0.546875 0.511261 0.546875 0.514076 0.548438 0.516892 0.539062 0.491554 0.540625 0.494369 0.540625 0.500000 0.542188 0.502815 0.540625 0.502815 0.539062 0.500000 0.534375 0.477478 0.534375 0.480293 0.535938 0.483108 0.534375 0.485924 0.534375 0.488739 0.532813 0.485924 0.515625 0.432434 0.515625 0.435249 0.517187 0.438064 0.517187 0.440880 0.518750 0.443695 0.520313 0.443695 0.521875 0.446510 0.521875 0.449325 0.523438 0.452141 0.523438 0.454956 0.525000 0.457771 0.526563 0.457771 0.507812 0.412727 0.507812 0.415542 0.509375 0.418357 0.509375 0.421173 0.510938 0.423988 0.510938 0.426803 0.501562 0.398651 0.503125 0.401466 0.503125 0.409912 0.501562 0.407096 0.501562 0.404281 0.496875 0.387390 0.496875 0.390205 0.498438 0.393020 0.490625 0.373313 0.490625 0.376128 0.492188 0.378944 0.492188 0.381759 0.484375 0.356422 0.484375 0.364867 0.482813 0.362052 0.478125 0.345161 0.478125 0.347976 0.470312 0.325454 0.465625 0.311377 0.465625 0.317008 0.464063 0.314193 0.459375 0.300116 0.459375 0.302932 0.451563 0.280410 0.446875 0.269149 0.446875 0.266333 0.445312 0.266333 0.445312 0.269149 0.446875 0.269149 0.451563 0.280410 0.451563 0.280410 0.459375 0.302932 0.457813 0.300116 0.459375 0.300116 0.464063 0.314193 0.464063 0.311377 0.465625 0.311377 0.470312 0.325454 0.470312 0.325454 0.478125 0.347976 0.476562 0.345161 0.478125 0.345161 0.482813 0.362052 0.482813 0.356422 0.484375 0.356422 0.492188 0.381759 0.490625 0.381759 0.489063 0.378944 0.489063 0.370498 0.490625 0.373313 0.498438 0.393020 0.496875 0.395835 0.495313 0.393020 0.495313 0.384574 0.496875 0.387390 0.501562 0.404281 0.500000 0.401466 0.500000 0.398651 0.501562 0.398651 0.510938 0.426803 0.509375 0.426803 0.507812 0.423988 0.507812 0.418357 0.506250 0.415542 0.506250 0.412727 0.507812 0.412727 0.526563 0.457771 0.526563 0.460586 0.528125 0.463402 0.528125 0.466217 0.529688 0.469032 0.529688 0.471847 0.526563 0.471847 0.526563 0.463402 0.523438 0.457771 0.521875 0.457771 0.521875 0.454956 0.518750 0.449325 0.518750 0.443695 0.517187 0.440880 0.515625 0.440880 0.514063 0.438064 0.514063 0.429618 0.515625 0.432434 0.532813 0.485924 0.532813 0.483108 0.531250 0.480293 0.532813 0.477478 0.532813 0.474663 0.534375 0.477478 0.539062 0.500000 0.539062 0.497185 0.537500 0.494369 0.537500 0.491554 0.539062 0.491554 0.548438 0.516892 0.546875 0.519707 0.545313 0.516892 0.545313 0.508446 0.546875 0.511261 0.551563 0.525337 0.551563 0.528153 0.564063 0.561936 0.564063 0.559121 0.565625 0.559121 0.570312 0.573197 0.570312 0.573197 0.578125 0.592904 0.578125 0.592904 0.582813 0.606980 0.582813 0.604165 0.584375 0.604165 0.589063 0.615426 0.589063 0.618241 0.596875 0.640763 0.595313 0.637948 0.596875 0.637948 0.601562 0.652024 0.601562 0.649209 0.603125 0.649209 0.607813 0.663285 0.607813 0.663285 0.615625 0.682992 0.615625 0.682992 0.639063 0.742113 0.639063 0.742113 0.651563 0.775896 0.651563 0.773080 0.653125 0.773080
0 0.139063 0.978595 0.140625 0.981410 0.140625 0.998301 0.145313 0.998301 0.145313 0.978595 0.139063 0.978595 0.134375 0.953257 0.134375 0.961703 0.135938 0.964518 0.135938 0.967333 0.126563 0.919474 0.128125 0.922289 0.128125 0.930735 0.129688 0.933550 0.121875 0.891321 0.121875 0.911028 0.121875 0.908213 0.120313 0.905398 0.114063 0.857538 0.115625 0.860354 0.115625 0.871615 0.117188 0.874430 0.117188 0.877245 0.115625 0.880060 0.114063 0.877245 0.109375 0.829386 0.109375 0.837831 0.110938 0.840647 0.110938 0.849093 0.109375 0.851908 0.109375 0.849093 0.107812 0.846277 0.107812 0.835016 0.103125 0.798418 0.103125 0.806864 0.104688 0.809679 0.095313 0.764635 0.096875 0.767450 0.096875 0.773080 0.098438 0.775896 0.098438 0.778711 0.096875 0.781526 0.096875 0.787157 0.096875 0.784341 0.089063 0.733667 0.090625 0.736482 0.090625 0.756189 0.090625 0.753374 0.089063 0.750558 0.089063 0.744928 0.087500 0.742113 0.087500 0.736482 0.082813 0.702699 0.084375 0.705514 0.084375 0.713960 0.085938 0.716775 0.085938 0.722406 0.084375 0.725221 0.078125 0.674546 0.078125 0.680177 0.079688 0.682992 0.079688 0.691438 0.078125 0.694253 0.076563 0.691438 0.071875 0.643578 0.071875 0.649209 0.073438 0.652024 0.073438 0.660470 0.071875 0.663285 0.071875 0.666100 0.071875 0.663285 0.064063 0.612610 0.065625 0.615426 0.065625 0.623872 0.067188 0.626687 0.067188 0.632317 0.065625 0.635133 0.051563 0.550675 0.053125 0.553490 0.053125 0.559121 0.054688 0.561936 0.054688 0.573197 0.059375 0.581643 0.059375 0.590088 0.060938 0.592904 0.060938 0.604165 0.059375 0.606980 0.059375 0.604165 0.045313 0.519707 0.046875 0.522522 0.046875 0.530968 0.048438 0.533783 0.048438 0.545044 0.046875 0.547859 0.040625 0.514076 0.042188 0.511261 0.042188 0.502815 0.040625 0.500000 0.040625 0.494369 0.039062 0.491554 0.039062 0.488739 0.037500 0.488739 0.035938 0.485924 0.035938 0.469032 0.034375 0.466217 0.034375 0.460586 0.029688 0.452141 0.029688 0.443695 0.028125 0.440880 0.028125 0.432434 0.026563 0.429618 0.026563 0.426803 0.025000 0.426803 0.023438 0.423988 0.023438 0.412727 0.021875 0.409912 0.021875 0.401466 0.020313 0.398651 0.018750 0.398651 0.017188 0.395835 0.017188 0.381759 0.015625 0.378944 0.015625 0.373313 0.014063 0.370498 0.014063 0.367683 0.012500 0.367683 0.010938 0.364867 0.010938 0.350791 0.009375 0.347976 0.009375 0.342345 0.007812 0.339530 0.007812 0.336715 0.003125 0.336715 0.003125 0.364867 0.007812 0.364867 0.009375 0.367683 0.010938 0.367683 0.012500 0.370498 0.012500 0.384574 0.014063 0.387390 0.014063 0.393020 0.015625 0.395835 0.017188 0.395835 0.018750 0.398651 0.018750 0.412727 0.020313 0.415542 0.020313 0.421173 0.025000 0.429618 0.025000 0.438064 0.026563 0.440880 0.026563 0.449325 0.028125 0.452141 0.028125 0.454956 0.029688 0.454956 0.031250 0.457771 0.031250 0.471847 0.032813 0.474663 0.032813 0.480293 0.034375 0.483108 0.034375 0.485924 0.035938 0.485924 0.037500 0.488739 0.037500 0.502815 0.039062 0.505631 0.039062 0.511261 0.040625 0.514076 0.046875 0.547859 0.046875 0.545044 0.045313 0.542229 0.045313 0.533783 0.043750 0.530968 0.043750 0.519707 0.045313 0.519707 0.059375 0.604165 0.057812 0.601349 0.057812 0.595719 0.056250 0.592904 0.056250 0.581643 0.051563 0.573197 0.051563 0.564751 0.050000 0.561936 0.050000 0.550675 0.051563 0.550675 0.065625 0.635133 0.064063 0.632317 0.064063 0.621056 0.062500 0.618241 0.062500 0.612610 0.064063 0.609795 0.064063 0.612610 0.071875 0.663285 0.070312 0.660470 0.070312 0.654839 0.068750 0.652024 0.068750 0.643578 0.070312 0.640763 0.071875 0.643578 0.076563 0.691438 0.076563 0.685807 0.075000 0.682992 0.075000 0.674546 0.076563 0.671731 0.078125 0.674546 0.084375 0.725221 0.082813 0.722406 0.082813 0.711145 0.081250 0.708329 0.081250 0.702699 0.082813 0.699884 0.082813 0.702699 0.087500 0.736482 0.089063 0.733667 0.089063 0.730852 0.089063 0.733667 0.096875 0.784341 0.095313 0.781526 0.095313 0.775896 0.093750 0.773080 0.093750 0.770265 0.095313 0.767450 0.095313 0.761819 0.095313 0.764635 0.104688 0.809679 0.104688 0.812494 0.103125 0.815309 0.103125 0.818125 0.101562 0.815309 0.101562 0.795603 0.103125 0.798418 0.107812 0.835016 0.106250 0.832201 0.106250 0.829386 0.107812 0.826570 0.109375 0.829386 0.114063 0.877245 0.114063 0.868799 0.112500 0.865984 0.112500 0.860354 0.114063 0.857538 0.114063 0.854723 0.114063 0.857538 0.120313 0.905398 0.120313 0.888506 0.121875 0.891321 0.129688 0.933550 0.128125 0.936366 0.128125 0.941996 0.128125 0.939181 0.126563 0.936366 0.126563 0.916659 0.126563 0.919474 0.135938 0.967333 0.134375 0.970149 0.134375 0.972964 0.134375 0.970149 0.132812 0.967333 0.132812 0.950442 0.134375 0.953257
0 0.570312 0.927920 0.568750 0.930735 0.570312 0.933550 0.570312 0.936366 0.571875 0.936366 0.571875 0.930735 0.570312 0.927920 0.564063 0.913844 0.565625 0.916659 0.565625 0.922289 0.559375 0.896952 0.559375 0.902582 0.557813 0.902582 0.551563 0.877245 0.546875 0.863169 0.546875 0.865984 0.545313 0.865984 0.540625 0.840647 0.540625 0.846277 0.539062 0.846277 0.532813 0.826570 0.534375 0.829386 0.534375 0.832201 0.528125 0.806864 0.528125 0.812494 0.526563 0.809679 0.521875 0.795603 0.520313 0.787157 0.515625 0.773080 0.515625 0.775896 0.514063 0.775896 0.509375 0.753374 0.507812 0.753374 0.507812 0.750558 0.503125 0.739297 0.503125 0.742113 0.501562 0.742113 0.496875 0.716775 0.496875 0.722406 0.495313 0.719590 0.489063 0.697068 0.484375 0.682992 0.484375 0.685807 0.482813 0.685807 0.478125 0.663285 0.478125 0.668916 0.476562 0.666100 0.471875 0.649209 0.471875 0.652024 0.470312 0.652024 0.465625 0.629502 0.465625 0.632317 0.464063 0.632317 0.459375 0.615426 0.459375 0.618241 0.457813 0.615426 0.453125 0.592904 0.453125 0.598534 0.451563 0.595719 0.446875 0.581643 0.440625 0.559121 0.440625 0.564751 0.439062 0.561936 0.432813 0.542229 0.434375 0.545044 0.434375 0.547859 0.434375 0.545044 0.428125 0.525337 0.428125 0.530968 0.426563 0.528153 0.421875 0.505631 0.420313 0.505631 0.420313 0.502815 0.415625 0.491554 0.415625 0.494369 0.414062 0.491554 0.409375 0.469032 0.409375 0.474663 0.407812 0.471847 0.403125 0.457771 0.396875 0.438064 0.395313 0.438064 0.395313 0.435249 0.390625 0.423988 0.384375 0.401466 0.384375 0.404281 0.382812 0.404281 0.371875 0.370498 0.370313 0.367683 0.340625 0.280410 0.339063 0.280410 0.339063 0.277594 0.307813 0.190321 0.303125 0.176245 0.303125 0.181875 0.301563 0.179060 0.290625 0.142462 0.290625 0.145277 0.284375 0.131201 0.284375 0.111494 0.278125 0.111494 0.278125 0.131201 0.284375 0.131201 0.290625 0.145277 0.289062 0.142462 0.290625 0.142462 0.301563 0.179060 0.301563 0.173430 0.303125 0.176245 0.307813 0.190321 0.307813 0.190321 0.339063 0.277594 0.340625 0.280410 0.370313 0.367683 0.371875 0.370498 0.382812 0.404281 0.382812 0.401466 0.384375 0.401466 0.390625 0.423988 0.390625 0.423988 0.395313 0.435249 0.396875 0.438064 0.403125 0.457771 0.403125 0.457771 0.407812 0.471847 0.407812 0.469032 0.409375 0.469032 0.414062 0.491554 0.414062 0.488739 0.415625 0.491554 0.420313 0.502815 0.421875 0.505631 0.426563 0.528153 0.426563 0.522522 0.428125 0.525337 0.434375 0.545044 0.432813 0.542229 0.432813 0.539414 0.432813 0.542229 0.439062 0.561936 0.439062 0.556305 0.440625 0.559121 0.446875 0.581643 0.446875 0.581643 0.451563 0.595719 0.451563 0.590088 0.453125 0.592904 0.457813 0.615426 0.457813 0.612610 0.459375 0.615426 0.464063 0.632317 0.464063 0.626687 0.465625 0.629502 0.470312 0.652024 0.470312 0.649209 0.471875 0.649209 0.476562 0.666100 0.476562 0.660470 0.478125 0.663285 0.482813 0.685807 0.482813 0.680177 0.484375 0.682992 0.489063 0.697068 0.489063 0.697068 0.495313 0.719590 0.495313 0.716775 0.496875 0.716775 0.501562 0.742113 0.501562 0.736482 0.503125 0.739297 0.507812 0.750558 0.509375 0.753374 0.514063 0.775896 0.514063 0.770265 0.515625 0.773080 0.520313 0.787157 0.520313 0.787157 0.521875 0.795603 0.521875 0.795603 0.526563 0.809679 0.526563 0.804048 0.528125 0.806864 0.534375 0.832201 0.532813 0.829386 0.532813 0.823755 0.532813 0.826570 0.539062 0.846277 0.539062 0.840647 0.540625 0.840647 0.545313 0.865984 0.545313 0.860354 0.546875 0.863169 0.551563 0.877245 0.551563 0.877245 0.557813 0.902582 0.557813 0.894137 0.559375 0.896952 0.565625 0.922289 0.564063 0.919474 0.564063 0.911028 0.564063 0.913844
0 0.990625 0.885691 0.990625 0.896952 0.990625 0.885691 0.978125 0.863169 0.976562 0.854723 0.951563 0.806864 0.953125 0.809679 0.953125 0.815309 0.954688 0.818125 0.957813 0.818125 0.959375 0.820940 0.959375 0.826570 0.940625 0.784341 0.940625 0.792787 0.942188 0.795603 0.945312 0.795603 0.934375 0.773080 0.934375 0.778711 0.932812 0.778711 0.931250 0.775896 0.928125 0.761819 0.928125 0.770265 0.925000 0.764635 0.925000 0.761819 0.896875 0.702699 0.898438 0.705514 0.898438 0.711145 0.900000 0.713960 0.903125 0.713960 0.904688 0.716775 0.904688 0.722406 0.906250 0.725221 0.907813 0.725221 0.910938 0.730852 0.910938 0.733667 0.912500 0.736482 0.914062 0.736482 0.917187 0.742113 0.917187 0.744928 0.918750 0.747743 0.920313 0.747743 0.923438 0.753374 0.921875 0.756189 0.920313 0.756189 0.918750 0.753374 0.890625 0.691438 0.892188 0.694253 0.892188 0.697068 0.884375 0.680177 0.884375 0.682992 0.885937 0.685807 0.884375 0.685807 0.878125 0.671731 0.864063 0.640763 0.851562 0.618241 0.851562 0.615426 0.846875 0.606980 0.845313 0.606980 0.845313 0.604165 0.840625 0.595719 0.839062 0.595719 0.839062 0.592904 0.834375 0.581643 0.834375 0.584458 0.832813 0.584458 0.828125 0.570382 0.828125 0.573197 0.826563 0.573197 0.821875 0.559121 0.821875 0.561936 0.815625 0.547859 0.815625 0.550675 0.809375 0.536598 0.803125 0.525337 0.676563 0.280410 0.671875 0.269149 0.670313 0.269149 0.665625 0.255072 0.665625 0.257887 0.664062 0.257887 0.659375 0.243811 0.659375 0.246626 0.657813 0.246626 0.653125 0.232550 0.653125 0.235365 0.651563 0.235365 0.646875 0.221289 0.646875 0.224104 0.645313 0.224104 0.640625 0.210028 0.640625 0.212843 0.639063 0.212843 0.634375 0.198767 0.634375 0.201582 0.632812 0.201582 0.628125 0.187506 0.628125 0.190321 0.621875 0.176245 0.590625 0.111494 0.589063 0.111494 0.589063 0.108679 0.584375 0.100233 0.582813 0.100233 0.582813 0.097418 0.578125 0.088972 0.576563 0.088972 0.576563 0.086156 0.571875 0.077711 0.571875 0.074895 0.570312 0.072080 0.568750 0.072080 0.567188 0.069265 0.567188 0.055189 0.559375 0.055189 0.559375 0.072080 0.567188 0.072080 0.570312 0.077711 0.571875 0.077711 0.576563 0.086156 0.578125 0.088972 0.582813 0.097418 0.584375 0.100233 0.589063 0.108679 0.590625 0.111494 0.621875 0.176245 0.621875 0.176245 0.628125 0.190321 0.626563 0.187506 0.628125 0.187506 0.632812 0.201582 0.632812 0.198767 0.634375 0.198767 0.639063 0.212843 0.639063 0.210028 0.640625 0.210028 0.645313 0.224104 0.645313 0.221289 0.646875 0.221289 0.651563 0.235365 0.651563 0.232550 0.653125 0.232550 0.657813 0.246626 0.657813 0.243811 0.659375 0.243811 0.664062 0.257887 0.664062 0.255072 0.665625 0.255072 0.670313 0.269149 0.671875 0.269149 0.676563 0.280410 0.676563 0.280410 0.803125 0.525337 0.803125 0.525337 0.809375 0.536598 0.809375 0.536598 0.815625 0.550675 0.814063 0.547859 0.815625 0.547859 0.821875 0.561936 0.820312 0.559121 0.821875 0.559121 0.826563 0.573197 0.826563 0.570382 0.828125 0.570382 0.832813 0.584458 0.832813 0.581643 0.834375 0.581643 0.839062 0.592904 0.840625 0.595719 0.845313 0.604165 0.846875 0.606980 0.851562 0.615426 0.851562 0.618241 0.864063 0.640763 0.864063 0.640763 0.878125 0.671731 0.878125 0.671731 0.884375 0.685807 0.882812 0.682992 0.882812 0.680177 0.884375 0.680177 0.892188 0.697068 0.889063 0.697068 0.889063 0.691438 0.890625 0.691438 0.918750 0.753374 0.918750 0.750558 0.915625 0.744928 0.914062 0.744928 0.912500 0.742113 0.912500 0.736482 0.910938 0.733667 0.909375 0.733667 0.906250 0.728036 0.906250 0.725221 0.904688 0.722406 0.903125 0.722406 0.900000 0.716775 0.900000 0.713960 0.898438 0.711145 0.896875 0.711145 0.893750 0.705514 0.895313 0.702699 0.896875 0.702699 0.925000 0.761819 0.926563 0.759004 0.928125 0.761819 0.931250 0.775896 0.931250 0.773080 0.934375 0.773080 0.945312 0.795603 0.946875 0.798418 0.946875 0.801233 0.945312 0.801233 0.937500 0.787157 0.937500 0.784341 0.940625 0.784341 0.959375 0.826570 0.960938 0.829386 0.964062 0.829386 0.965625 0.832201 0.965625 0.837831 0.967188 0.840647 0.970313 0.840647 0.970313 0.846277 0.971875 0.849093 0.971875 0.851908 0.971875 0.849093 0.967188 0.840647 0.965625 0.840647 0.965625 0.837831 0.950000 0.809679 0.950000 0.806864 0.951563 0.806864 0.976562 0.854723 0.976562 0.854723 0.978125 0.863169 0.978125 0.863169
0 0.282813 0.947627 0.282813 0.961703 0.284375 0.964518 0.284375 0.967333 0.285938 0.967333 0.287500 0.970149 0.287500 0.972964 0.289062 0.975779 0.289062 0.981410 0.290625 0.981410 0.290625 0.972964 0.289062 0.970149 0.289062 0.967333 0.287500 0.967333 0.285938 0.964518 0.285938 0.961703 0.284375 0.958888 0.284375 0.950442 0.282813 0.947627 0.276563 0.925105 0.278125 0.927920 0.278125 0.936366 0.270313 0.896952 0.271875 0.899767 0.271875 0.908213 0.273438 0.911028 0.271875 0.913844 0.271875 0.916659 0.264063 0.871615 0.265625 0.874430 0.265625 0.885691 0.267188 0.888506 0.265625 0.891321 0.259375 0.851908 0.259375 0.863169 0.260938 0.865984 0.259375 0.868799 0.259375 0.865984 0.257812 0.863169 0.253125 0.826570 0.253125 0.840647 0.253125 0.837831 0.251563 0.835016 0.246875 0.801233 0.246875 0.815309 0.246875 0.812494 0.245313 0.809679 0.239062 0.773080 0.240625 0.775896 0.240625 0.789972 0.232813 0.747743 0.234375 0.750558 0.234375 0.764635 0.232813 0.761819 0.232813 0.756189 0.228125 0.725221 0.228125 0.742113 0.228125 0.739297 0.226562 0.736482 0.226562 0.730852 0.225000 0.728036 0.226562 0.725221 0.221875 0.699884 0.221875 0.705514 0.223437 0.708329 0.223437 0.711145 0.221875 0.713960 0.221875 0.716775 0.220313 0.713960 0.201563 0.621056 0.201563 0.623872 0.203125 0.626687 0.203125 0.635133 0.204688 0.637948 0.204688 0.640763 0.209375 0.649209 0.209375 0.657655 0.210938 0.660470 0.210938 0.666100 0.215625 0.674546 0.215625 0.680177 0.217188 0.682992 0.217188 0.688623 0.215625 0.691438 0.120313 0.311377 0.121875 0.314193 0.121875 0.319823 0.123437 0.322639 0.123437 0.331084 0.125000 0.333900 0.126563 0.333900 0.126563 0.336715 0.128125 0.339530 0.128125 0.342345 0.129688 0.345161 0.129688 0.350791 0.132812 0.356422 0.132812 0.359237 0.134375 0.362052 0.134375 0.364867 0.135938 0.367683 0.135938 0.373313 0.139063 0.378944 0.139063 0.381759 0.140625 0.384574 0.140625 0.390205 0.142188 0.393020 0.142188 0.401466 0.143750 0.404281 0.145313 0.404281 0.146875 0.407096 0.146875 0.412727 0.148438 0.415542 0.148438 0.423988 0.150000 0.426803 0.151563 0.426803 0.151563 0.429618 0.153125 0.432434 0.153125 0.435249 0.154688 0.438064 0.154688 0.443695 0.157813 0.449325 0.157813 0.452141 0.159375 0.454956 0.159375 0.460586 0.160938 0.463402 0.160938 0.469032 0.164062 0.474663 0.164062 0.477478 0.165625 0.480293 0.165625 0.485924 0.167188 0.488739 0.167188 0.491554 0.168750 0.494369 0.168750 0.497185 0.171875 0.502815 0.171875 0.508446 0.173438 0.511261 0.173438 0.519707 0.178125 0.528153 0.178125 0.533783 0.179688 0.536598 0.179688 0.542229 0.184375 0.550675 0.184375 0.556305 0.185938 0.559121 0.185938 0.564751 0.189063 0.570382 0.189063 0.573197 0.190625 0.576012 0.190625 0.578827 0.192187 0.581643 0.192187 0.592904 0.193750 0.595719 0.195312 0.595719 0.114063 0.286040 0.115625 0.288855 0.115625 0.300116 0.117188 0.302932 0.117188 0.305747 0.115625 0.305747 0.109375 0.283225 0.110938 0.280410 0.110938 0.277594 0.109375 0.274779 0.109375 0.266333 0.107812 0.263518 0.107812 0.260703 0.106250 0.260703 0.104688 0.257887 0.104688 0.252257 0.103125 0.249442 0.103125 0.240996 0.101562 0.238181 0.101562 0.235365 0.098438 0.229735 0.098438 0.221289 0.096875 0.218474 0.096875 0.215659 0.095313 0.212843 0.095313 0.210028 0.093750 0.210028 0.092187 0.207213 0.092187 0.198767 0.090625 0.195952 0.090625 0.193136 0.089063 0.190321 0.089063 0.187506 0.087500 0.187506 0.085938 0.184691 0.085938 0.179060 0.084375 0.176245 0.084375 0.173430 0.082813 0.170614 0.082813 0.167799 0.079688 0.162169 0.079688 0.153723 0.078125 0.150908 0.078125 0.145277 0.076563 0.142462 0.076563 0.134016 0.071875 0.134016 0.071875 0.164984 0.078125 0.164984 0.082813 0.173430 0.082813 0.181875 0.084375 0.184691 0.084375 0.187506 0.085938 0.187506 0.087500 0.190321 0.087500 0.198767 0.089063 0.201582 0.089063 0.204397 0.090625 0.207213 0.090625 0.210028 0.093750 0.215659 0.093750 0.224104 0.095313 0.226920 0.095313 0.229735 0.096875 0.232550 0.096875 0.235365 0.100000 0.240996 0.100000 0.246626 0.101562 0.249442 0.101562 0.255072 0.103125 0.257887 0.104688 0.257887 0.106250 0.260703 0.106250 0.269149 0.107812 0.271964 0.107812 0.277594 0.109375 0.280410 0.109375 0.283225 0.115625 0.305747 0.114063 0.302932 0.114063 0.294486 0.112500 0.291671 0.112500 0.286040 0.114063 0.286040 0.195312 0.595719 0.196875 0.598534 0.196875 0.604165 0.198438 0.606980 0.198438 0.615426 0.196875 0.618241 0.196875 0.615426 0.195312 0.612610 0.195312 0.609795 0.193750 0.606980 0.193750 0.595719 0.192187 0.592904 0.190625 0.592904 0.189063 0.590088 0.189063 0.587273 0.187500 0.584458 0.187500 0.573197 0.185938 0.570382 0.184375 0.570382 0.182813 0.567566 0.182813 0.561936 0.181250 0.559121 0.181250 0.553490 0.176563 0.545044 0.176563 0.539414 0.175000 0.536598 0.175000 0.528153 0.170313 0.519707 0.170313 0.514076 0.168750 0.511261 0.168750 0.505631 0.165625 0.500000 0.165625 0.497185 0.164062 0.494369 0.164062 0.488739 0.162500 0.485924 0.162500 0.480293 0.157813 0.471847 0.157813 0.466217 0.156250 0.463402 0.156250 0.460586 0.154688 0.457771 0.154688 0.454956 0.151563 0.449325 0.151563 0.440880 0.150000 0.438064 0.150000 0.432434 0.145313 0.423988 0.145313 0.418357 0.143750 0.415542 0.143750 0.407096 0.139063 0.398651 0.139063 0.395835 0.137500 0.393020 0.137500 0.384574 0.135938 0.381759 0.134375 0.381759 0.132812 0.378944 0.132812 0.373313 0.131250 0.370498 0.131250 0.367683 0.129688 0.364867 0.129688 0.362052 0.128125 0.359237 0.128125 0.356422 0.126563 0.353606 0.126563 0.345161 0.125000 0.342345 0.125000 0.336715 0.123437 0.333900 0.121875 0.333900 0.121875 0.331084 0.120313 0.328269 0.120313 0.317008 0.118750 0.314193 0.118750 0.311377 0.120313 0.311377 0.215625 0.691438 0.214063 0.688623 0.214063 0.682992 0.212500 0.680177 0.212500 0.671731 0.210938 0.668916 0.209375 0.668916 0.207812 0.666100 0.207812 0.657655 0.206250 0.654839 0.206250 0.649209 0.201563 0.640763 0.201563 0.632317 0.200000 0.629502 0.200000 0.621056 0.201563 0.621056 0.220313 0.713960 0.220313 0.708329 0.218750 0.705514 0.218750 0.702699 0.220313 0.699884 0.220313 0.697068 0.221875 0.699884 0.226562 0.725221 0.226562 0.722406 0.228125 0.725221 0.232813 0.756189 0.231250 0.753374 0.231250 0.747743 0.232813 0.747743 0.240625 0.789972 0.239062 0.787157 0.239062 0.770265 0.239062 0.773080 0.245313 0.809679 0.245313 0.798418 0.246875 0.801233 0.251563 0.835016 0.251563 0.823755 0.253125 0.826570 0.257812 0.863169 0.257812 0.854723 0.256250 0.851908 0.257812 0.849093 0.259375 0.851908 0.265625 0.891321 0.264063 0.888506 0.264063 0.880060 0.262500 0.877245 0.262500 0.871615 0.264063 0.871615 0.271875 0.916659 0.271875 0.913844 0.270313 0.911028 0.270313 0.902582 0.268750 0.899767 0.268750 0.896952 0.270313 0.896952 0.278125 0.936366 0.276563 0.933550 0.276563 0.922289 0.276563 0.925105
0 0.765625 0.719590 0.765625 0.719590 0.740625 0.663285 0.739063 0.663285 0.739063 0.660470 0.734375 0.652024 0.732813 0.649209 0.703125 0.581643 0.703125 0.584458 0.701563 0.584458 0.678125 0.528153 0.676563 0.528153 0.676563 0.525337 0.626563 0.415542 0.621875 0.401466 0.621875 0.404281 0.620313 0.404281 0.615625 0.390205 0.615625 0.393020 0.614063 0.393020 0.609375 0.378944 0.609375 0.381759 0.603125 0.367683 0.590625 0.336715 0.589063 0.336715 0.589063 0.333900 0.584375 0.322639 0.584375 0.325454 0.582813 0.325454 0.578125 0.311377 0.578125 0.314193 0.576563 0.314193 0.571875 0.300116 0.564063 0.280410 0.559375 0.266333 0.559375 0.271964 0.557813 0.269149 0.553125 0.255072 0.553125 0.257887 0.551563 0.257887 0.546875 0.243811 0.546875 0.246626 0.545313 0.243811 0.540625 0.229735 0.540625 0.235365 0.539062 0.232550 0.535938 0.221289 0.534375 0.221289 0.534375 0.218474 0.478125 0.100233 0.479688 0.097418 0.478125 0.094602 0.478125 0.077711 0.471875 0.077711 0.471875 0.100233 0.478125 0.100233 0.534375 0.218474 0.535938 0.221289 0.539062 0.232550 0.539062 0.229735 0.540625 0.229735 0.545313 0.243811 0.545313 0.240996 0.546875 0.243811 0.551563 0.257887 0.551563 0.252257 0.553125 0.255072 0.557813 0.269149 0.557813 0.266333 0.559375 0.266333 0.564063 0.280410 0.564063 0.280410 0.571875 0.300116 0.571875 0.300116 0.576563 0.314193 0.576563 0.311377 0.578125 0.311377 0.582813 0.325454 0.582813 0.322639 0.584375 0.322639 0.589063 0.333900 0.590625 0.336715 0.603125 0.367683 0.603125 0.367683 0.609375 0.381759 0.607813 0.378944 0.609375 0.378944 0.614063 0.393020 0.614063 0.390205 0.615625 0.390205 0.620313 0.404281 0.620313 0.401466 0.621875 0.401466 0.626563 0.415542 0.626563 0.415542 0.676563 0.525337 0.678125 0.528153 0.701563 0.584458 0.701563 0.581643 0.703125 0.581643 0.732813 0.649209 0.734375 0.652024 0.739063 0.660470 0.740625 0.663285
0 0.984375 0.390205 0.984375 0.390205 0.978125 0.378944 0.971875 0.367683 0.971875 0.370498 0.970313 0.370498 0.965625 0.356422 0.965625 0.359237 0.964062 0.359237 0.959375 0.345161 0.959375 0.347976 0.957813 0.347976 0.896875 0.252257 0.898438 0.255072 0.900000 0.255072 0.901562 0.257887 0.901562 0.260703 0.904688 0.266333 0.907813 0.266333 0.909375 0.269149 0.909375 0.271964 0.910938 0.274779 0.914062 0.274779 0.917187 0.280410 0.917187 0.283225 0.918750 0.286040 0.920313 0.286040 0.921875 0.288855 0.923438 0.288855 0.923438 0.294486 0.925000 0.297301 0.928125 0.297301 0.937500 0.314193 0.939063 0.314193 0.939063 0.317008 0.942188 0.322639 0.943750 0.322639 0.946875 0.328269 0.946875 0.331084 0.948437 0.333900 0.951563 0.333900 0.953125 0.336715 0.839062 0.162169 0.840625 0.164984 0.842188 0.164984 0.842188 0.170614 0.843750 0.173430 0.846875 0.173430 0.854687 0.187506 0.856250 0.187506 0.857813 0.190321 0.857813 0.193136 0.860938 0.198767 0.864063 0.198767 0.865625 0.201582 0.865625 0.207213 0.867188 0.210028 0.871875 0.210028 0.873438 0.212843 0.873438 0.215659 0.875000 0.218474 0.876563 0.218474 0.879688 0.224104 0.879688 0.226920 0.881250 0.229735 0.882812 0.229735 0.884375 0.232550 0.885937 0.232550 0.817188 0.131201 0.818750 0.134016 0.820312 0.134016 0.820312 0.136831 0.823437 0.142462 0.826563 0.142462 0.828125 0.145277 0.828125 0.150908 0.829688 0.153723 0.834375 0.153723 0.809375 0.119940 0.810938 0.122755 0.809375 0.122755 0.804688 0.111494 0.801563 0.111494 0.801563 0.105863 0.796875 0.097418 0.798438 0.100233 0.795313 0.100233 0.790625 0.086156 0.790625 0.088972 0.789062 0.088972 0.782813 0.077711 0.767188 0.052373 0.764063 0.052373 0.759375 0.038297 0.760937 0.041112 0.760937 0.043928 0.757812 0.043928 0.754688 0.032667 0.754688 0.021405 0.746875 0.021405 0.746875 0.032667 0.754688 0.032667 0.757812 0.043928 0.756250 0.041112 0.757812 0.038297 0.759375 0.038297 0.764063 0.052373 0.767188 0.052373 0.782813 0.077711 0.782813 0.077711 0.789062 0.088972 0.787500 0.086156 0.790625 0.086156 0.795313 0.100233 0.793750 0.097418 0.796875 0.097418 0.801563 0.105863 0.804688 0.111494 0.809375 0.122755 0.807812 0.119940 0.809375 0.119940 0.834375 0.153723 0.835938 0.156538 0.834375 0.159353 0.832813 0.156538 0.831250 0.156538 0.823437 0.142462 0.821875 0.142462 0.821875 0.139646 0.818750 0.134016 0.817188 0.134016 0.815625 0.131201 0.814063 0.131201 0.817188 0.131201 0.885937 0.232550 0.885937 0.235365 0.889063 0.240996 0.890625 0.240996 0.893750 0.246626 0.889063 0.246626 0.887500 0.243811 0.887500 0.240996 0.885937 0.238181 0.884375 0.238181 0.878125 0.226920 0.876563 0.226920 0.867188 0.210028 0.865625 0.210028 0.865625 0.207213 0.860938 0.198767 0.859375 0.198767 0.859375 0.195952 0.856250 0.190321 0.853125 0.190321 0.851562 0.187506 0.851562 0.181875 0.850000 0.179060 0.845313 0.179060 0.843750 0.176245 0.843750 0.173430 0.842188 0.170614 0.840625 0.170614 0.837500 0.164984 0.837500 0.162169 0.839062 0.162169 0.953125 0.336715 0.953125 0.339530 0.951563 0.339530 0.948437 0.333900 0.946875 0.333900 0.946875 0.331084 0.943750 0.325454 0.940625 0.325454 0.939063 0.322639 0.939063 0.317008 0.937500 0.314193 0.932812 0.314193 0.932812 0.308562 0.931250 0.305747 0.928125 0.305747 0.925000 0.300116 0.925000 0.297301 0.923438 0.294486 0.921875 0.294486 0.918750 0.288855 0.918750 0.286040 0.917187 0.283225 0.914062 0.283225 0.906250 0.269149 0.904688 0.269149 0.901562 0.263518 0.901562 0.260703 0.900000 0.257887 0.896875 0.257887 0.895313 0.255072 0.895313 0.252257 0.896875 0.252257 0.957813 0.347976 0.956250 0.345161 0.959375 0.345161 0.964062 0.359237 0.962500 0.356422 0.965625 0.356422 0.970313 0.370498 0.970313 0.367683 0.971875 0.367683 0.978125 0.378944 0.978125 0.378944
0 0.940625 0.000000 0.940625 0.012960 0.946875 0.012960 0.951563 0.021405 0.956250 0.021405 0.964062 0.035482 0.965625 0.035482 0.970313 0.043928 0.971875 0.043928 0.973438 0.046743 0.975000 0.046743 0.979687 0.055189 0.981250 0.055189 0.982813 0.058004 0.984375 0.058004 0.987500 0.063634 0.987500 0.066450 0.989063 0.066450 0.990625 0.069265 0.993750 0.069265 0.995312 0.072080 0.995312 0.086156 0.998438 0.086156 0.998438 0.069265 0.996875 0.069265 0.993750 0.063634 0.992188 0.063634 0.985938 0.052373 0.984375 0.052373 0.982813 0.049558 0.981250 0.049558 0.976562 0.041112 0.973438 0.041112 0.965625 0.027036 0.962500 0.027036 0.959375 0.021405 0.959375 0.018590 0.956250 0.018590 0.953125 0.012960 0.953125 0.010144 0.951563 0.007329 0.951563 0.000000
