0 0.775942 0.568494 0.040403 0.089706 1
0 0.553089 0.528486 0.032696 0.082265 1
0 0.658744 0.493435 0.044540 0.073462 0
0 0.417602 0.174576 0.032702 0.070393 1
0 0.637215 0.409098 0.039321 0.077748 1
0 0.498282 0.331579 0.023710 0.068224 1
0 0.504534 0.209505 0.020901 0.058735 0
0 0.123808 0.488597 0.029887 0.075010 0
0 0.491093 0.642638 0.029474 0.086574 0
0 0.232048 0.532178 0.045238 0.092262 1
0 0.684115 0.224358 0.026237 0.064980 1
0 0.178649 0.446426 0.033720 0.051223 0
0 0.137144 0.363156 0.035000 0.086957 0
0 0.278511 0.427969 0.021387 0.091532 1
0 0.207898 0.432055 0.024233 0.071465 1
0 0.246073 0.453832 0.027102 0.084209 0
0 0.709635 0.891406 0.043451 0.071025 1
0 0.214721 0.508792 0.025070 0.082275 0
0 0.716335 0.933942 0.044776 0.100292 0
0 0.130318 0.342560 0.028967 0.075854 1
0 0.261590 0.426057 0.022096 0.084370 1
0 0.241416 0.411024 0.020375 0.080399 0
