0 0.404451 0.561386 0.050931 0.100958 0.887522
0 0.498527 0.903189 0.043904 0.118832 0.884346
0 0.634986 0.623381 0.031390 0.100130 0.881625
0 0.525850 0.383337 0.024436 0.111859 0.881418
0 0.255122 0.140939 0.037798 0.093127 0.881370
0 0.384707 0.310652 0.045600 0.069993 0.879474
0 0.411670 0.683391 0.044227 0.123855 0.878944
0 0.604159 0.894818 0.033568 0.114463 0.878319
0 0.632229 0.335743 0.027331 0.101602 0.878285
0 0.723639 0.286332 0.022733 0.107445 0.856893
0 0.326751 0.352655 0.035984 0.089459 0.852615
0 0.343332 0.121118 0.023749 0.098824 0.847218
0 0.430028 0.314371 0.030630 0.102924 0.846212
0 0.450617 0.490425 0.048727 0.102839 0.841118
0 0.404063 0.386328 0.045434 0.075031 0.830160
0 0.368393 0.467976 0.039738 0.103205 0.820701
0 0.236622 0.416491 0.028979 0.107524 0.807714
0 0.343187 0.389620 0.033641 0.084615 0.794216
0 0.225701 0.386153 0.025102 0.085261 0.769493
0 0.359107 0.440761 0.033297 0.096309 0.767501
0 0.428947 0.459269 0.035170 0.073362 0.730476
0 0.374137 0.409983 0.033859 0.072395 0.705912
0 0.363398 0.418244 0.041769 0.082722 0.418919
0 0.236174 0.388287 0.025711 0.093883 0.374915
0 0.371888 0.419247 0.035199 0.095595 0.343152
