0 0.443615 0.675809 0.052980 0.111403
0 0.535660 0.907690 0.054645 0.085729
0 0.390567 0.332416 0.047386 0.085918
0 0.605882 0.910615 0.036623 0.101878
0 0.286851 0.155220 0.038819 0.075964
0 0.399648 0.452560 0.039928 0.091029
0 0.686461 0.611013 0.039538 0.099439
0 0.700355 0.264621 0.024569 0.098138
0 0.598814 0.370737 0.034389 0.096820
0 0.459763 0.543757 0.043637 0.102999
0 0.324017 0.301057 0.044390 0.088956
0 0.293296 0.329058 0.041188 0.105748
0 0.508916 0.366161 0.022129 0.106015
0 0.364224 0.392366 0.040631 0.105139
0 0.339996 0.132240 0.025797 0.082801
0 0.211511 0.418997 0.031571 0.104142
0 0.461796 0.491835 0.042628 0.096079
0 0.333882 0.484340 0.031839 0.102959
0 0.229961 0.390228 0.023418 0.089012
0 0.329647 0.394528 0.030360 0.100146
0 0.334770 0.434844 0.033751 0.090603
0 0.336012 0.406836 0.032984 0.097868
