0 0.499341 0.909387 0.042572 0.098950 0 0.915204 0
0 0.414120 0.691074 0.046908 0.112106 0 0.882844 0
0 0.256445 0.145393 0.039488 0.074797 0 0.871458 0
0 0.413601 0.565619 0.057757 0.093392 0 0.875609 1
0 0.314070 0.339849 0.032843 0.104415 0 0.837408 1
0 0.235587 0.421527 0.032651 0.098170 0 0.802806 1
0 0.340313 0.381924 0.028641 0.088191 0 0.787279 1
0 0.355590 0.472985 0.042007 0.104276 0 0.786613 1
0 0.364384 0.397241 0.036342 0.080604 0 0.666174 1
0 0.227090 0.386591 0.027773 0.090921 0 0.651266 1
0 0.353747 0.436058 0.034487 0.097832 0 0.628235 1
0 0.603709 0.898854 0.034977 0.107305 1 0.907714 0
0 0.661198 0.620790 0.028342 0.100212 1 0.876882 0
0 0.708457 0.269104 0.031404 0.105032 1 0.873315 0
0 0.610105 0.350213 0.025640 0.096658 1 0.865367 0
0 0.340907 0.122064 0.025823 0.098036 1 0.822726 0
0 0.422827 0.322180 0.039187 0.084951 1 0.876345 1
0 0.367566 0.298951 0.047046 0.074601 1 0.876165 1
0 0.451274 0.489523 0.047384 0.107951 1 0.860206 1
0 0.515784 0.369512 0.028321 0.105172 1 0.855122 1
0 0.387018 0.384187 0.037968 0.097921 1 0.821795 1
0 0.423494 0.455133 0.032398 0.088026 1 0.809956 1
