0 0.499341 0.909387 0.042572 0.098950
0 0.603709 0.898854 0.034977 0.107305
0 0.414120 0.691074 0.046908 0.112106
0 0.661198 0.620790 0.028342 0.100212
0 0.422827 0.322180 0.039187 0.084951
0 0.367566 0.298951 0.047046 0.074601
0 0.413601 0.565619 0.057757 0.093392
0 0.708457 0.269104 0.031404 0.105032
0 0.256445 0.145393 0.039488 0.074797
0 0.610105 0.350213 0.025640 0.096658
0 0.451274 0.489523 0.047384 0.107951
0 0.515784 0.369512 0.028321 0.105172
0 0.314070 0.339849 0.032843 0.104415
0 0.340907 0.122064 0.025823 0.098036
0 0.387018 0.384187 0.037968 0.097921
0 0.423494 0.455133 0.032398 0.088026
0 0.235587 0.421527 0.032651 0.098170
0 0.340313 0.381924 0.028641 0.088191
0 0.355590 0.472985 0.042007 0.104276
0 0.364384 0.397241 0.036342 0.080604
0 0.227090 0.386591 0.027773 0.090921
0 0.353747 0.436058 0.034487 0.097832
0 0.355699 0.419862 0.036122 0.083390
0 0.360932 0.405185 0.037133 0.086564
0 0.232585 0.384898 0.027927 0.091349
0 0.350711 0.456127 0.034808 0.106078
0 0.371467 0.391580 0.038016 0.094043
