0 0.505354 0.637135 0.028936 0.099824 0 0.882417 0
0 0.601044 0.495803 0.042270 0.088674 0 0.852679 0
0 0.440980 0.192402 0.025704 0.076788 0 0.799501 0
0 0.661255 0.937320 0.059058 0.109036 0 0.780274 0
0 0.130442 0.463968 0.034724 0.090373 0 0.863258 1
0 0.243984 0.490911 0.036803 0.087831 0 0.843798 1
0 0.158520 0.341101 0.033591 0.090424 0 0.818226 1
0 0.209634 0.398503 0.029924 0.079930 0 0.790005 1
0 0.252124 0.403016 0.030918 0.082086 0 0.602967 1
0 0.258918 0.448909 0.030145 0.081306 0 0.543813 1
0 0.264225 0.410726 0.028037 0.084959 0 0.490468 1
0 0.757294 0.572485 0.032544 0.087192 1 0.877542 0
0 0.680981 0.220215 0.025138 0.081428 1 0.870349 0
0 0.494970 0.323197 0.022228 0.084011 1 0.870164 0
0 0.621718 0.389783 0.032389 0.083785 1 0.869609 0
0 0.541002 0.498560 0.030752 0.084443 1 0.865837 0
0 0.397910 0.175683 0.023552 0.087701 1 0.857515 0
0 0.675643 0.905666 0.032948 0.084725 1 0.688560 0
0 0.275651 0.506341 0.037360 0.090696 1 0.853653 1
0 0.282418 0.418484 0.024947 0.103042 1 0.797590 1
0 0.150922 0.322395 0.023192 0.077569 1 0.783469 1
0 0.228554 0.389241 0.030957 0.073784 1 0.724386 1
