0 0.423049 0.682541 0.044767 0.114015
0 0.603618 0.901358 0.034174 0.101931
0 0.507014 0.907900 0.053902 0.094011
0 0.264761 0.145816 0.043383 0.074646
0 0.667516 0.617673 0.035955 0.103956
0 0.413450 0.327816 0.041370 0.081977
0 0.511642 0.366754 0.024455 0.107173
0 0.704337 0.267126 0.024300 0.095788
0 0.340152 0.124279 0.024878 0.091173
0 0.355512 0.304397 0.042961 0.084948
0 0.602240 0.358560 0.032982 0.092922
0 0.434570 0.561060 0.051568 0.100710
0 0.416004 0.451619 0.042033 0.089457
0 0.308099 0.336817 0.029652 0.103975
0 0.379621 0.387884 0.037703 0.103047
0 0.346112 0.481141 0.038536 0.110735
0 0.231827 0.417178 0.034454 0.107030
0 0.451157 0.498890 0.040271 0.100610
0 0.336789 0.380310 0.031674 0.088105
0 0.227404 0.385632 0.026823 0.096195
0 0.352631 0.397140 0.034880 0.082972
0 0.346628 0.428226 0.034238 0.084602
0 0.349436 0.415415 0.038212 0.091162
0 0.349174 0.466780 0.036431 0.098859
