0 0.592865 0.501852 0.045954 0.091962 0 0.890991 0
0 0.509295 0.641548 0.033507 0.107289 0 0.875453 0
0 0.427877 0.190406 0.034662 0.078130 0 0.858916 0
0 0.656163 0.931465 0.049148 0.114046 0 0.835972 0
0 0.130501 0.466040 0.037307 0.091351 0 0.875637 1
0 0.249275 0.488067 0.033067 0.086225 0 0.828860 1
0 0.215461 0.395304 0.031311 0.081876 0 0.827291 1
0 0.169809 0.334307 0.026965 0.089737 0 0.765794 1
0 0.258026 0.404154 0.024925 0.083153 0 0.666685 1
0 0.262876 0.458381 0.030569 0.091436 0 0.585046 1
0 0.268576 0.411305 0.024532 0.084642 0 0.556161 1
0 0.389931 0.173197 0.031956 0.086259 1 0.884647 0
0 0.624582 0.389028 0.041260 0.089441 1 0.875803 0
0 0.755827 0.576971 0.041372 0.085810 1 0.874642 0
0 0.495759 0.323654 0.019234 0.083824 1 0.864168 0
0 0.539294 0.496948 0.043635 0.088925 1 0.839547 0
0 0.683706 0.220794 0.022833 0.081852 1 0.835690 0
0 0.670754 0.907704 0.025930 0.082088 1 0.675422 0
0 0.284319 0.502281 0.038141 0.095429 1 0.824711 1
0 0.285866 0.417102 0.025237 0.102940 1 0.772917 1
0 0.235615 0.386090 0.027137 0.077585 1 0.765063 1
0 0.159602 0.318167 0.020898 0.076907 1 0.763718 1
