0 0.558496 0.922542 0.044227 0.085305 0.886018
0 0.707260 0.609722 0.031086 0.104310 0.876166
0 0.187912 0.427128 0.038703 0.099192 0.875111
0 0.617970 0.916732 0.030283 0.094886 0.874736
0 0.227039 0.386521 0.037058 0.088299 0.867732
0 0.691947 0.249432 0.029632 0.098323 0.861491
0 0.464217 0.669912 0.044177 0.117124 0.861182
0 0.601852 0.371505 0.034616 0.097664 0.857518
0 0.499801 0.354825 0.022573 0.109750 0.850977
0 0.364168 0.467151 0.038357 0.103500 0.848398
0 0.487272 0.545880 0.038698 0.102826 0.847902
0 0.344776 0.334943 0.039175 0.079748 0.847185
0 0.307265 0.482322 0.044634 0.097886 0.835969
0 0.476726 0.490915 0.048537 0.087297 0.832055
0 0.304657 0.164615 0.042113 0.074912 0.828983
0 0.277702 0.299007 0.038993 0.078345 0.819627
0 0.253301 0.323385 0.038070 0.098859 0.783819
0 0.337292 0.138455 0.030345 0.078969 0.770781
0 0.336709 0.409295 0.029876 0.102582 0.744468
0 0.304987 0.399002 0.032053 0.100601 0.662952
0 0.315334 0.413342 0.032026 0.096210 0.577634
0 0.308309 0.440343 0.037796 0.096298 0.452934
0 0.312630 0.457683 0.036822 0.086149 0.409364
0 0.322322 0.412532 0.031738 0.103347 0.304530
