0 0.522357 0.909535 0.046183 0.091787
0 0.604275 0.905936 0.032521 0.102536
0 0.434641 0.677507 0.039312 0.104651
0 0.275729 0.146581 0.035696 0.067479
0 0.410593 0.451926 0.044164 0.093443
0 0.677941 0.616367 0.027159 0.099211
0 0.600281 0.365670 0.034003 0.094078
0 0.403716 0.329298 0.035674 0.080312
0 0.510297 0.366384 0.023272 0.106388
0 0.702252 0.267299 0.024442 0.095896
0 0.302854 0.336627 0.036213 0.106652
0 0.342938 0.304426 0.037703 0.082016
0 0.338464 0.127901 0.023356 0.084578
0 0.342007 0.487526 0.037246 0.107036
0 0.438662 0.556367 0.053021 0.100732
0 0.222942 0.414085 0.026109 0.114042
0 0.374652 0.384406 0.038446 0.092669
0 0.453395 0.497508 0.034959 0.101557
0 0.334870 0.382315 0.029385 0.089105
0 0.225043 0.398933 0.028171 0.119700
0 0.346999 0.403362 0.034351 0.086299
0 0.343598 0.438529 0.033942 0.088920
0 0.345048 0.460363 0.032212 0.094179
0 0.346684 0.420747 0.036045 0.091792
