0 0.462802 0.675080 0.039300 0.115766 0
0 0.555483 0.913332 0.034348 0.072872 0
0 0.503480 0.361380 0.023964 0.109826 1
0 0.604908 0.371500 0.028943 0.097572 1
0 0.614754 0.913629 0.031241 0.097109 1
0 0.376670 0.462357 0.034844 0.099636 1
0 0.702335 0.611187 0.032426 0.107445 1
0 0.695502 0.257563 0.025509 0.101507 1
0 0.358794 0.336875 0.038083 0.084379 1
0 0.298110 0.159656 0.046291 0.072866 0
0 0.194622 0.424922 0.042383 0.100388 0
0 0.473825 0.544233 0.047811 0.100162 0
0 0.315989 0.479911 0.043871 0.093437 0
0 0.225691 0.388576 0.038739 0.089114 0
0 0.474411 0.494305 0.049702 0.093110 1
0 0.271111 0.319109 0.031878 0.095805 0
0 0.292498 0.304166 0.040603 0.090750 1
0 0.344609 0.396314 0.032223 0.094767 1
0 0.338259 0.136074 0.031526 0.084864 1
0 0.317098 0.397876 0.033764 0.099134 0
0 0.319140 0.441162 0.037082 0.097492 0
0 0.322671 0.404741 0.032542 0.102107 0
0 0.324354 0.428109 0.035504 0.102998 0
