0 0.543117 0.504331 0.027432 0.085908 1
0 0.626034 0.484244 0.045446 0.082974 0
0 0.492577 0.318983 0.027170 0.075208 1
0 0.758496 0.559590 0.023555 0.089034 1
0 0.497730 0.634516 0.030080 0.095171 0
0 0.470244 0.188582 0.021838 0.068225 0
0 0.678097 0.216215 0.024397 0.075806 1
0 0.130042 0.475864 0.025614 0.081762 0
0 0.626443 0.397733 0.034403 0.080619 1
0 0.404567 0.173739 0.027623 0.070014 1
0 0.189519 0.408956 0.032019 0.066916 0
0 0.253944 0.512896 0.041644 0.102746 1
0 0.229590 0.491951 0.026796 0.078165 0
0 0.149443 0.348279 0.039529 0.090273 0
0 0.277466 0.417818 0.024911 0.098273 1
0 0.217330 0.405854 0.035898 0.081774 1
0 0.135464 0.330834 0.026498 0.076457 1
0 0.245369 0.401307 0.027152 0.074895 0
0 0.687083 0.894845 0.033554 0.084401 1
0 0.249447 0.447914 0.028814 0.079735 0
0 0.259922 0.412692 0.024650 0.084097 1
0 0.256724 0.426049 0.023612 0.090235 0
0 0.690372 0.933223 0.038597 0.105747 0
