0 0.556106 0.562284 0.026079 0.072438 0.873963
0 0.443902 0.173979 0.027282 0.064447 0.869570
0 0.559771 0.230947 0.026689 0.058638 0.868478
0 0.703756 0.231662 0.022194 0.064115 0.859155
0 0.481695 0.667010 0.027270 0.096694 0.858769
0 0.722879 0.505175 0.029822 0.082646 0.856653
0 0.500018 0.349168 0.022499 0.069092 0.851016
0 0.789821 0.585520 0.040247 0.071991 0.847426
0 0.675704 0.422284 0.023795 0.079023 0.845638
0 0.099079 0.518501 0.020583 0.088275 0.836040
0 0.180630 0.534233 0.029452 0.077273 0.819806
0 0.269238 0.422593 0.020400 0.089046 0.795525
0 0.200495 0.547502 0.030062 0.089486 0.791685
0 0.225405 0.429474 0.019609 0.086780 0.790009
0 0.241089 0.451197 0.018786 0.083361 0.775909
0 0.177304 0.471227 0.026968 0.066648 0.741542
0 0.253310 0.427495 0.021726 0.085487 0.700846
0 0.123985 0.364892 0.030391 0.082614 0.651481
0 0.159214 0.468504 0.037409 0.040218 0.608998
0 0.136689 0.351792 0.018348 0.076348 0.516835
0 0.129739 0.363218 0.024532 0.081811 0.501509
0 0.755148 0.891826 0.042500 0.104505 0.354716
0 0.255573 0.428388 0.030235 0.090457 0.285377
