0 0.154849 0.437498 0.020522 0.096855 0
0 0.493115 0.345282 0.021127 0.099466 1
0 0.713267 0.601377 0.052036 0.092653 1
0 0.605162 0.383124 0.030230 0.097736 1
0 0.688367 0.244985 0.022339 0.099585 1
0 0.486641 0.493822 0.045119 0.095892 1
0 0.226895 0.396727 0.043257 0.083073 0
0 0.483630 0.659113 0.032474 0.103273 0
0 0.576759 0.948115 0.042843 0.091141 0
0 0.333461 0.474957 0.037336 0.095799 1
0 0.512628 0.535886 0.034010 0.099146 0
0 0.622356 0.918771 0.032194 0.081268 1
0 0.284853 0.491513 0.036540 0.101401 0
0 0.312387 0.410062 0.030907 0.094113 1
0 0.223880 0.328672 0.048294 0.106094 0
0 0.293538 0.352875 0.025893 0.084286 1
0 0.233946 0.310951 0.028280 0.098885 1
0 0.326447 0.176247 0.040819 0.080459 0
0 0.342967 0.140911 0.044716 0.065404 1
0 0.281749 0.448282 0.035463 0.091880 0
0 0.280751 0.409625 0.031280 0.093373 0
0 0.230035 0.317040 0.038031 0.099434 1
0 0.332313 0.173430 0.027744 0.081539 0
0 0.286777 0.438134 0.037093 0.094688 0
0 0.295629 0.431158 0.034117 0.096299 0
0 0.290490 0.386722 0.024485 0.078204 0
