0 0.411595 0.684368 0.044822 0.124455 0 0.879798 0
0 0.498174 0.904215 0.044187 0.117162 0 0.879431 0
0 0.254561 0.141241 0.037391 0.094756 0 0.874676 0
0 0.403949 0.562261 0.051418 0.102067 0 0.884841 1
0 0.326128 0.352596 0.035635 0.088349 0 0.846229 1
0 0.367320 0.471998 0.038877 0.100336 0 0.816239 1
0 0.236032 0.416191 0.029591 0.109298 0 0.812838 1
0 0.342590 0.391343 0.033773 0.084509 0 0.801066 1
0 0.225894 0.386320 0.025410 0.086634 0 0.769754 1
0 0.358002 0.442154 0.032331 0.094669 0 0.747616 1
0 0.374750 0.411082 0.035015 0.070016 0 0.687789 1
0 0.630059 0.337676 0.028547 0.100176 1 0.889937 0
0 0.603174 0.895351 0.034373 0.114373 1 0.885648 0
0 0.636066 0.621886 0.031122 0.097952 1 0.881401 0
0 0.722566 0.285647 0.029060 0.107507 1 0.876027 0
0 0.342616 0.121888 0.023347 0.097773 1 0.858673 0
0 0.524133 0.382200 0.024585 0.112749 1 0.872897 1
0 0.384033 0.310942 0.045281 0.069034 1 0.870332 1
0 0.429357 0.316756 0.030127 0.099332 1 0.854766 1
0 0.451117 0.492862 0.046911 0.099771 1 0.835618 1
0 0.403451 0.386628 0.045493 0.074344 1 0.823592 1
0 0.428427 0.459332 0.035179 0.072764 1 0.756978 1
