0 0.450472 0.676158 0.044723 0.110761 0
0 0.547409 0.910419 0.038882 0.079529 0
0 0.692470 0.610333 0.038457 0.106482 1
0 0.507089 0.365444 0.022592 0.108911 1
0 0.609082 0.911358 0.036312 0.100638 1
0 0.375259 0.333347 0.041805 0.086624 1
0 0.295272 0.157453 0.034644 0.071743 0
0 0.464700 0.546793 0.053258 0.100956 0
0 0.386201 0.455804 0.033509 0.092637 1
0 0.698985 0.261808 0.024954 0.103419 1
0 0.201553 0.422803 0.040376 0.100173 0
0 0.601453 0.371624 0.033080 0.098514 1
0 0.470827 0.493395 0.036646 0.090917 1
0 0.305764 0.300631 0.034754 0.087900 1
0 0.354091 0.393218 0.033181 0.097797 0
0 0.284000 0.322175 0.033653 0.101014 0
0 0.340455 0.134274 0.030763 0.086381 1
0 0.325243 0.481472 0.038332 0.096656 0
0 0.228163 0.392582 0.031772 0.094911 0
0 0.325375 0.391600 0.033604 0.093476 0
0 0.328287 0.442687 0.036070 0.096126 0
0 0.330244 0.427703 0.034382 0.100341 0
0 0.327232 0.458621 0.038832 0.101401 0
