0 0.501995 0.635942 0.028884 0.098752 0 0.882086 0
0 0.612007 0.495098 0.032508 0.088116 0 0.873169 0
0 0.450049 0.189939 0.029593 0.073174 0 0.810255 0
0 0.669458 0.940118 0.043044 0.097001 0 0.581334 0
0 0.134315 0.464623 0.026172 0.088997 0 0.874548 1
0 0.153024 0.341930 0.039141 0.094306 0 0.822260 1
0 0.240399 0.492059 0.034099 0.087568 0 0.813853 1
0 0.202362 0.399738 0.034522 0.074161 0 0.808595 1
0 0.250620 0.403181 0.026203 0.082022 0 0.658582 1
0 0.252024 0.446757 0.025127 0.078162 0 0.532763 1
0 0.261519 0.411462 0.027795 0.087450 0 0.490477 1
0 0.621554 0.390081 0.036409 0.082613 1 0.868749 0
0 0.540750 0.497612 0.026923 0.080897 1 0.868113 0
0 0.753263 0.567846 0.035792 0.091255 1 0.867774 0
0 0.677024 0.217811 0.026427 0.078832 1 0.865581 0
0 0.492595 0.321453 0.028321 0.085847 1 0.863425 0
0 0.398791 0.177348 0.025972 0.086074 1 0.826130 0
0 0.672977 0.904955 0.043766 0.087016 1 0.723059 0
0 0.269567 0.513853 0.043388 0.100212 1 0.835494 1
0 0.279846 0.418499 0.024851 0.102525 1 0.825607 1
0 0.223462 0.397807 0.034741 0.081955 1 0.788253 1
0 0.143284 0.322936 0.029468 0.073206 1 0.764293 1
