0 0.546894 0.509321 0.031936 0.078426 1
0 0.629809 0.402188 0.032586 0.082914 1
0 0.494873 0.638951 0.028795 0.094809 0
0 0.638283 0.488626 0.035081 0.082814 0
0 0.491963 0.320442 0.030725 0.066739 1
0 0.126751 0.483216 0.022141 0.074734 0
0 0.410517 0.173063 0.022482 0.076239 1
0 0.760392 0.561194 0.029043 0.089546 1
0 0.678598 0.217851 0.025628 0.075039 1
0 0.214276 0.413510 0.032944 0.077570 1
0 0.186253 0.417430 0.026822 0.063472 0
0 0.244490 0.515106 0.036504 0.097263 1
0 0.222481 0.498747 0.030209 0.077005 0
0 0.144283 0.353283 0.034369 0.090584 0
0 0.479272 0.197063 0.029147 0.067017 0
0 0.696249 0.890777 0.034750 0.074075 1
0 0.278012 0.420693 0.023624 0.098734 1
0 0.248695 0.445980 0.024574 0.079925 0
0 0.133762 0.336679 0.020609 0.074211 0
0 0.699726 0.930951 0.034151 0.093393 0
0 0.242885 0.409643 0.024215 0.081745 0
0 0.259254 0.418719 0.025439 0.089070 1
0 0.266340 0.422332 0.033264 0.089120 1
0 0.274426 0.415588 0.022258 0.090379 1
