0 0.603664 0.898341 0.035093 0.107276
0 0.497896 0.904010 0.041719 0.114568
0 0.654283 0.622139 0.028122 0.099635
0 0.255900 0.141403 0.036819 0.087906
0 0.412630 0.688213 0.043168 0.118010
0 0.404592 0.565719 0.052299 0.097217
0 0.382291 0.306985 0.051011 0.067822
0 0.518444 0.373103 0.031366 0.106778
0 0.617243 0.352488 0.028962 0.102598
0 0.423502 0.317121 0.034704 0.094576
0 0.449553 0.487517 0.050399 0.105799
0 0.713673 0.269348 0.021679 0.104224
0 0.320883 0.342819 0.038290 0.085648
0 0.398334 0.377905 0.047335 0.076531
0 0.341208 0.122649 0.025859 0.098474
0 0.361750 0.462577 0.036515 0.092700
0 0.341472 0.384573 0.030766 0.079704
0 0.236652 0.419381 0.030871 0.103600
0 0.226327 0.386382 0.026824 0.087510
0 0.356666 0.443603 0.033272 0.099916
0 0.428597 0.459339 0.033237 0.074844
0 0.364318 0.405903 0.036171 0.070854
0 0.359811 0.421620 0.039286 0.093676
