0 0.498399 0.903354 0.043871 0.118402 0 0.883614 0
0 0.411384 0.684644 0.043611 0.124527 0 0.882696 0
0 0.254663 0.141319 0.037302 0.093584 0 0.874643 0
0 0.404102 0.562175 0.051377 0.101453 0 0.883250 1
0 0.326361 0.352481 0.035972 0.087910 0 0.842739 1
0 0.366431 0.467673 0.036256 0.092210 0 0.819826 1
0 0.342321 0.390885 0.032973 0.083796 0 0.805905 1
0 0.235959 0.418448 0.029073 0.103673 0 0.801979 1
0 0.226249 0.386197 0.025946 0.086278 0 0.761465 1
0 0.356091 0.440883 0.030454 0.088484 0 0.752865 1
0 0.370809 0.408161 0.029881 0.070001 0 0.705902 1
0 0.603527 0.896702 0.034755 0.108933 1 0.894430 0
0 0.644842 0.621714 0.033806 0.100163 1 0.887760 0
0 0.619933 0.344141 0.027728 0.100752 1 0.878748 0
0 0.716152 0.275078 0.020467 0.107218 1 0.861325 0
0 0.341733 0.121367 0.024811 0.099811 1 0.835251 0
0 0.383955 0.310950 0.044979 0.068781 1 0.860204 1
0 0.519193 0.373968 0.029223 0.109356 1 0.858214 1
0 0.424847 0.316270 0.033479 0.096268 1 0.856224 1
0 0.403904 0.386358 0.047558 0.076536 1 0.856073 1
0 0.451232 0.491754 0.047042 0.100676 1 0.835616 1
0 0.429102 0.459315 0.033969 0.070753 1 0.712849 1
