0 0.406250 0.885691 0.406250 0.888506 0.407812 0.891321 0.407812 0.902582 0.409375 0.902582 0.412500 0.908213 0.412500 0.913844 0.414062 0.916659 0.414062 0.922289 0.415625 0.925105 0.417188 0.925105 0.418750 0.927920 0.418750 0.933550 0.420313 0.936366 0.420313 0.939181 0.421875 0.941996 0.421875 0.944811 0.423437 0.944811 0.426563 0.950442 0.426563 0.964518 0.428125 0.964518 0.428125 0.950442 0.426563 0.947627 0.426563 0.944811 0.423437 0.939181 0.423437 0.936366 0.421875 0.933550 0.421875 0.927920 0.420313 0.925105 0.418750 0.925105 0.417188 0.922289 0.417188 0.919474 0.415625 0.916659 0.415625 0.908213 0.414062 0.905398 0.412500 0.905398 0.410938 0.902582 0.410938 0.896952 0.409375 0.894137 0.409375 0.888506 0.407812 0.885691 0.406250 0.885691 0.401563 0.868799 0.403125 0.871615 0.403125 0.874430 0.396875 0.849093 0.396875 0.851908 0.398438 0.854723 0.396875 0.857538 0.396875 0.860354 0.395313 0.857538 0.390625 0.829386 0.390625 0.840647 0.390625 0.837831 0.389063 0.835016 0.384375 0.806864 0.384375 0.818125 0.382812 0.815309 0.376562 0.787157 0.378125 0.789972 0.378125 0.798418 0.371875 0.770265 0.371875 0.775896 0.370313 0.775896 0.365625 0.750558 0.365625 0.756189 0.364063 0.753374 0.359375 0.728036 0.359375 0.733667 0.357813 0.730852 0.353125 0.705514 0.353125 0.711145 0.351562 0.711145 0.346875 0.682992 0.346875 0.691438 0.345313 0.688623 0.340625 0.663285 0.340625 0.674546 0.339063 0.671731 0.332813 0.640763 0.334375 0.643578 0.334375 0.654839 0.326563 0.621056 0.328125 0.623872 0.328125 0.626687 0.321875 0.601349 0.321875 0.612610 0.320312 0.609795 0.315625 0.581643 0.315625 0.592904 0.314063 0.590088 0.314063 0.584458 0.312500 0.581643 0.309375 0.559121 0.309375 0.573197 0.307813 0.570382 0.307813 0.564751 0.306250 0.561936 0.306250 0.559121 0.303125 0.539414 0.303125 0.545044 0.304688 0.547859 0.304688 0.550675 0.296875 0.519707 0.296875 0.525337 0.298438 0.528153 0.290625 0.497185 0.290625 0.502815 0.292188 0.505631 0.284375 0.477478 0.284375 0.480293 0.285938 0.483108 0.285938 0.488739 0.284375 0.491554 0.284375 0.488739 0.282813 0.485924 0.282813 0.483108 0.221875 0.277594 0.221875 0.283225 0.223437 0.286040 0.223437 0.288855 0.225000 0.291671 0.226562 0.291671 0.226562 0.294486 0.228125 0.297301 0.228125 0.300116 0.229688 0.302932 0.229688 0.308562 0.234375 0.317008 0.234375 0.319823 0.235938 0.322639 0.235938 0.331084 0.237500 0.333900 0.239062 0.333900 0.240625 0.336715 0.240625 0.342345 0.242188 0.345161 0.242188 0.350791 0.243750 0.353606 0.245313 0.353606 0.246875 0.356422 0.246875 0.364867 0.248438 0.367683 0.248438 0.370498 0.250000 0.373313 0.251563 0.373313 0.253125 0.376128 0.253125 0.384574 0.254687 0.387390 0.254687 0.390205 0.256250 0.393020 0.257812 0.393020 0.259375 0.395835 0.259375 0.398651 0.260938 0.401466 0.260938 0.407096 0.265625 0.415542 0.265625 0.421173 0.267188 0.423988 0.267188 0.426803 0.271875 0.435249 0.271875 0.440880 0.273438 0.443695 0.273438 0.449325 0.275000 0.452141 0.276563 0.452141 0.278125 0.454956 0.278125 0.466217 0.279688 0.469032 0.278125 0.469032 0.276563 0.466217 0.276563 0.463402 0.275000 0.460586 0.275000 0.454956 0.273438 0.452141 0.271875 0.452141 0.270313 0.449325 0.196875 0.198767 0.196875 0.207213 0.200000 0.212843 0.201563 0.212843 0.203125 0.215659 0.203125 0.221289 0.204688 0.224104 0.204688 0.229735 0.206250 0.232550 0.207812 0.232550 0.207812 0.235365 0.209375 0.238181 0.209375 0.240996 0.210938 0.243811 0.210938 0.249442 0.215625 0.257887 0.215625 0.269149 0.214063 0.266333 0.214063 0.260703 0.212500 0.257887 0.212500 0.255072 0.210938 0.252257 0.209375 0.252257 0.209375 0.249442 0.190625 0.176245 0.190625 0.187506 0.189063 0.184691 0.182813 0.164984 0.178125 0.164984 0.182813 0.164984 0.189063 0.184691 0.189063 0.173430 0.190625 0.176245 0.209375 0.249442 0.207812 0.246626 0.207812 0.240996 0.206250 0.238181 0.206250 0.235365 0.204688 0.232550 0.203125 0.232550 0.203125 0.229735 0.201563 0.226920 0.201563 0.224104 0.200000 0.221289 0.200000 0.212843 0.198438 0.210028 0.196875 0.210028 0.196875 0.207213 0.195312 0.204397 0.195312 0.195952 0.196875 0.198767 0.270313 0.449325 0.270313 0.443695 0.268750 0.440880 0.268750 0.438064 0.265625 0.432434 0.265625 0.429618 0.264063 0.426803 0.264063 0.423988 0.262500 0.421173 0.262500 0.418357 0.257812 0.409912 0.257812 0.404281 0.256250 0.401466 0.256250 0.395835 0.254687 0.393020 0.253125 0.393020 0.251563 0.390205 0.251563 0.384574 0.250000 0.381759 0.250000 0.376128 0.248438 0.373313 0.246875 0.373313 0.246875 0.370498 0.245313 0.367683 0.245313 0.362052 0.243750 0.359237 0.243750 0.353606 0.242188 0.350791 0.240625 0.350791 0.239062 0.347976 0.239062 0.339530 0.237500 0.336715 0.237500 0.333900 0.235938 0.331084 0.234375 0.331084 0.232813 0.328269 0.232813 0.319823 0.231250 0.317008 0.231250 0.314193 0.229688 0.311377 0.228125 0.311377 0.226562 0.308562 0.226562 0.302932 0.225000 0.300116 0.225000 0.294486 0.223437 0.291671 0.221875 0.291671 0.221875 0.288855 0.220313 0.286040 0.220313 0.280410 0.218750 0.277594 0.220313 0.274779 0.221875 0.277594 0.282813 0.483108 0.281250 0.480293 0.281250 0.477478 0.282813 0.474663 0.284375 0.477478 0.292188 0.505631 0.292188 0.508446 0.290625 0.511261 0.289062 0.508446 0.289062 0.494369 0.290625 0.497185 0.298438 0.528153 0.296875 0.530968 0.295313 0.528153 0.295313 0.516892 0.296875 0.519707 0.304688 0.550675 0.303125 0.553490 0.301563 0.550675 0.301563 0.536598 0.303125 0.539414 0.306250 0.559121 0.307813 0.556305 0.309375 0.559121 0.312500 0.581643 0.314063 0.578827 0.315625 0.581643 0.320312 0.609795 0.320312 0.598534 0.321875 0.601349 0.328125 0.626687 0.329688 0.629502 0.328125 0.632317 0.326563 0.632317 0.326563 0.618241 0.326563 0.621056 0.334375 0.654839 0.332813 0.652024 0.332813 0.637948 0.332813 0.640763 0.339063 0.671731 0.339063 0.660470 0.340625 0.663285 0.345313 0.688623 0.345313 0.682992 0.346875 0.682992 0.351562 0.711145 0.351562 0.705514 0.353125 0.705514 0.357813 0.730852 0.357813 0.728036 0.359375 0.728036 0.364063 0.753374 0.364063 0.747743 0.365625 0.750558 0.370313 0.775896 0.370313 0.770265 0.371875 0.770265 0.378125 0.798418 0.376562 0.795603 0.376562 0.784341 0.376562 0.787157 0.382812 0.815309 0.382812 0.806864 0.384375 0.806864 0.389063 0.835016 0.389063 0.826570 0.390625 0.829386 0.395313 0.857538 0.395313 0.854723 0.393750 0.851908 0.395313 0.849093 0.395313 0.846277 0.396875 0.849093 0.403125 0.874430 0.404688 0.877245 0.404688 0.880060 0.403125 0.882876 0.401563 0.880060 0.401563 0.865984 0.401563 0.868799
0 0.139063 0.975779 0.139063 0.981410 0.140625 0.984225 0.140625 0.998301 0.145313 0.998301 0.145313 0.975779 0.139063 0.975779 0.132812 0.947627 0.134375 0.950442 0.134375 0.967333 0.128125 0.916659 0.128125 0.930735 0.129688 0.933550 0.120313 0.885691 0.121875 0.888506 0.121875 0.894137 0.123437 0.896952 0.114063 0.851908 0.114063 0.854723 0.115625 0.857538 0.115625 0.860354 0.117188 0.863169 0.109375 0.823755 0.109375 0.832201 0.110938 0.835016 0.110938 0.846277 0.109375 0.849093 0.109375 0.846277 0.107812 0.843462 0.103125 0.792787 0.103125 0.804048 0.104688 0.806864 0.104688 0.812494 0.103125 0.815309 0.101562 0.812494 0.096875 0.764635 0.096875 0.770265 0.098438 0.773080 0.090625 0.733667 0.090625 0.753374 0.089063 0.750558 0.089063 0.744928 0.087500 0.742113 0.087500 0.733667 0.082813 0.699884 0.084375 0.702699 0.084375 0.713960 0.085938 0.716775 0.085938 0.722406 0.084375 0.725221 0.076563 0.671731 0.078125 0.674546 0.078125 0.680177 0.079688 0.682992 0.079688 0.691438 0.078125 0.694253 0.071875 0.643578 0.071875 0.649209 0.073438 0.652024 0.073438 0.663285 0.071875 0.666100 0.071875 0.663285 0.070312 0.660470 0.070312 0.654839 0.067188 0.635133 0.067188 0.626687 0.065625 0.623872 0.065625 0.615426 0.064063 0.612610 0.064063 0.609795 0.062500 0.609795 0.060938 0.606980 0.060938 0.592904 0.059375 0.590088 0.059375 0.584458 0.057812 0.581643 0.057812 0.578827 0.054688 0.573197 0.054688 0.561936 0.053125 0.559121 0.053125 0.553490 0.051563 0.550675 0.050000 0.550675 0.048438 0.547859 0.048438 0.533783 0.046875 0.530968 0.046875 0.522522 0.045313 0.519707 0.043750 0.519707 0.042188 0.516892 0.042188 0.502815 0.040625 0.500000 0.040625 0.494369 0.039062 0.491554 0.039062 0.488739 0.037500 0.488739 0.035938 0.485924 0.035938 0.471847 0.034375 0.469032 0.034375 0.463402 0.032813 0.460586 0.032813 0.457771 0.031250 0.457771 0.029688 0.454956 0.029688 0.443695 0.028125 0.440880 0.028125 0.432434 0.026563 0.429618 0.026563 0.426803 0.025000 0.426803 0.023438 0.423988 0.023438 0.412727 0.021875 0.409912 0.021875 0.404281 0.020313 0.401466 0.020313 0.398651 0.018750 0.398651 0.017188 0.395835 0.017188 0.381759 0.015625 0.378944 0.015625 0.373313 0.010938 0.364867 0.010938 0.353606 0.009375 0.350791 0.009375 0.345161 0.007812 0.342345 0.007812 0.339530 0.003125 0.339530 0.003125 0.367683 0.009375 0.367683 0.010938 0.370498 0.010938 0.373313 0.012500 0.376128 0.012500 0.387390 0.014063 0.390205 0.014063 0.395835 0.018750 0.404281 0.018750 0.415542 0.020313 0.418357 0.020313 0.421173 0.021875 0.423988 0.021875 0.426803 0.025000 0.432434 0.025000 0.440880 0.026563 0.443695 0.026563 0.452141 0.031250 0.460586 0.031250 0.471847 0.032813 0.474663 0.032813 0.483108 0.037500 0.491554 0.037500 0.502815 0.039062 0.505631 0.039062 0.511261 0.040625 0.514076 0.040625 0.516892 0.042188 0.516892 0.043750 0.519707 0.043750 0.533783 0.045313 0.536598 0.045313 0.542229 0.046875 0.545044 0.046875 0.547859 0.048438 0.547859 0.050000 0.550675 0.050000 0.561936 0.051563 0.564751 0.051563 0.573197 0.053125 0.576012 0.053125 0.578827 0.054688 0.578827 0.056250 0.581643 0.056250 0.595719 0.057812 0.598534 0.057812 0.601349 0.059375 0.604165 0.059375 0.606980 0.060938 0.606980 0.062500 0.609795 0.062500 0.621056 0.064063 0.623872 0.064063 0.632317 0.065625 0.635133 0.067188 0.635133 0.070312 0.654839 0.068750 0.652024 0.068750 0.643578 0.070312 0.640763 0.071875 0.643578 0.078125 0.694253 0.076563 0.691438 0.076563 0.685807 0.075000 0.682992 0.075000 0.671731 0.076563 0.668916 0.076563 0.671731 0.084375 0.725221 0.084375 0.722406 0.082813 0.719590 0.082813 0.711145 0.081250 0.708329 0.081250 0.699884 0.082813 0.699884 0.087500 0.733667 0.089063 0.730852 0.090625 0.733667 0.098438 0.773080 0.098438 0.781526 0.096875 0.784341 0.095313 0.781526 0.095313 0.761819 0.096875 0.764635 0.101562 0.812494 0.101562 0.801233 0.100000 0.798418 0.100000 0.792787 0.101562 0.789972 0.103125 0.792787 0.107812 0.843462 0.107812 0.835016 0.106250 0.832201 0.106250 0.823755 0.107812 0.820940 0.109375 0.823755 0.117188 0.863169 0.117188 0.874430 0.115625 0.877245 0.114063 0.874430 0.114063 0.868799 0.112500 0.865984 0.112500 0.851908 0.114063 0.851908 0.123437 0.896952 0.123437 0.905398 0.121875 0.908213 0.121875 0.905398 0.120313 0.902582 0.120313 0.882876 0.120313 0.885691 0.129688 0.933550 0.128125 0.936366 0.126563 0.933550 0.126563 0.913844 0.128125 0.916659 0.134375 0.967333 0.132812 0.964518 0.132812 0.944811 0.132812 0.947627
0 0.289062 0.978595 0.290625 0.981410 0.290625 0.998301 0.295313 0.998301 0.295313 0.978595 0.289062 0.978595 0.284375 0.956072 0.284375 0.964518 0.285938 0.967333 0.285938 0.975779 0.284375 0.975779 0.276563 0.933550 0.278125 0.936366 0.278125 0.944811 0.270313 0.905398 0.271875 0.908213 0.271875 0.922289 0.271875 0.919474 0.270313 0.916659 0.270313 0.911028 0.268750 0.908213 0.265625 0.882876 0.265625 0.896952 0.264063 0.894137 0.264063 0.888506 0.262500 0.885691 0.262500 0.882876 0.257812 0.857538 0.259375 0.860354 0.259375 0.863169 0.260938 0.865984 0.260938 0.874430 0.259375 0.874430 0.257812 0.871615 0.257812 0.865984 0.251563 0.832201 0.253125 0.835016 0.253125 0.840647 0.245313 0.806864 0.246875 0.809679 0.246875 0.815309 0.248438 0.818125 0.248438 0.823755 0.239062 0.781526 0.240625 0.784341 0.240625 0.798418 0.239062 0.795603 0.239062 0.789972 0.237500 0.787157 0.234375 0.759004 0.234375 0.770265 0.235938 0.773080 0.235938 0.775896 0.234375 0.775896 0.234375 0.773080 0.232813 0.770265 0.232813 0.764635 0.226562 0.733667 0.228125 0.736482 0.228125 0.750558 0.228125 0.747743 0.220313 0.708329 0.221875 0.711145 0.221875 0.716775 0.214063 0.682992 0.215625 0.685807 0.215625 0.694253 0.217188 0.697068 0.215625 0.699884 0.201563 0.632317 0.203125 0.635133 0.203125 0.646394 0.204688 0.649209 0.204688 0.652024 0.206250 0.654839 0.207812 0.654839 0.207812 0.657655 0.209375 0.660470 0.209375 0.668916 0.210938 0.671731 0.210938 0.674546 0.209375 0.674546 0.195312 0.609795 0.196875 0.612610 0.196875 0.615426 0.198438 0.618241 0.198438 0.626687 0.196875 0.626687 0.195312 0.623872 0.189063 0.584458 0.190625 0.587273 0.190625 0.592904 0.192187 0.595719 0.192187 0.601349 0.190625 0.604165 0.190625 0.601349 0.189063 0.598534 0.157813 0.463402 0.160938 0.469032 0.160938 0.483108 0.162500 0.485924 0.164062 0.485924 0.165625 0.488739 0.165625 0.494369 0.167188 0.497185 0.167188 0.505631 0.168750 0.508446 0.170313 0.508446 0.171875 0.511261 0.171875 0.514076 0.173438 0.516892 0.173438 0.525337 0.175000 0.528153 0.175000 0.530968 0.178125 0.536598 0.178125 0.542229 0.179688 0.545044 0.179688 0.553490 0.181250 0.556305 0.182813 0.556305 0.182813 0.559121 0.184375 0.561936 0.184375 0.567566 0.185938 0.570382 0.185938 0.578827 0.184375 0.578827 0.182813 0.576012 0.151563 0.440880 0.153125 0.443695 0.153125 0.446510 0.154688 0.449325 0.154688 0.457771 0.153125 0.457771 0.151563 0.454956 0.151563 0.449325 0.145313 0.418357 0.146875 0.421173 0.146875 0.423988 0.148438 0.426803 0.148438 0.432434 0.146875 0.435249 0.145313 0.432434 0.121875 0.325454 0.121875 0.331084 0.123437 0.333900 0.123437 0.342345 0.125000 0.345161 0.126563 0.345161 0.126563 0.347976 0.128125 0.350791 0.128125 0.353606 0.129688 0.356422 0.129688 0.359237 0.132812 0.364867 0.132812 0.367683 0.134375 0.370498 0.134375 0.376128 0.135938 0.378944 0.135938 0.384574 0.139063 0.390205 0.139063 0.393020 0.114063 0.302932 0.115625 0.305747 0.115625 0.317008 0.115625 0.314193 0.109375 0.277594 0.109375 0.288855 0.110938 0.291671 0.109375 0.291671 0.104688 0.269149 0.103125 0.266333 0.103125 0.255072 0.101562 0.252257 0.101562 0.249442 0.100000 0.249442 0.098438 0.246626 0.098438 0.240996 0.096875 0.238181 0.096875 0.229735 0.092187 0.221289 0.092187 0.212843 0.090625 0.210028 0.090625 0.207213 0.089063 0.204397 0.089063 0.201582 0.087500 0.201582 0.085938 0.198767 0.085938 0.190321 0.084375 0.187506 0.084375 0.184691 0.082813 0.181875 0.082813 0.179060 0.079688 0.173430 0.079688 0.164984 0.078125 0.162169 0.078125 0.145277 0.071875 0.145277 0.071875 0.179060 0.079688 0.179060 0.081250 0.181875 0.081250 0.187506 0.082813 0.190321 0.082813 0.195952 0.084375 0.198767 0.085938 0.198767 0.087500 0.201582 0.087500 0.210028 0.089063 0.212843 0.089063 0.218474 0.090625 0.221289 0.090625 0.224104 0.092187 0.224104 0.093750 0.226920 0.093750 0.232550 0.095313 0.235365 0.095313 0.240996 0.096875 0.243811 0.096875 0.246626 0.098438 0.246626 0.100000 0.249442 0.100000 0.255072 0.101562 0.257887 0.101562 0.266333 0.103125 0.269149 0.104688 0.269149 0.109375 0.291671 0.107812 0.288855 0.107812 0.274779 0.109375 0.277594 0.115625 0.314193 0.114063 0.311377 0.114063 0.300116 0.114063 0.302932 0.139063 0.393020 0.140625 0.395835 0.140625 0.401466 0.142188 0.404281 0.140625 0.407096 0.140625 0.409912 0.139063 0.407096 0.139063 0.404281 0.137500 0.401466 0.137500 0.395835 0.132812 0.387390 0.132812 0.384574 0.131250 0.381759 0.131250 0.376128 0.128125 0.370498 0.128125 0.367683 0.126563 0.364867 0.126563 0.353606 0.125000 0.350791 0.125000 0.345161 0.123437 0.342345 0.121875 0.342345 0.120313 0.339530 0.120313 0.322639 0.121875 0.325454 0.145313 0.432434 0.145313 0.426803 0.143750 0.423988 0.145313 0.421173 0.145313 0.415542 0.145313 0.418357 0.151563 0.449325 0.150000 0.446510 0.150000 0.443695 0.151563 0.440880 0.151563 0.438064 0.151563 0.440880 0.182813 0.576012 0.182813 0.564751 0.181250 0.561936 0.181250 0.559121 0.179688 0.556305 0.178125 0.556305 0.176563 0.553490 0.176563 0.545044 0.175000 0.542229 0.175000 0.539414 0.170313 0.530968 0.170313 0.522522 0.168750 0.519707 0.168750 0.511261 0.167188 0.508446 0.165625 0.508446 0.165625 0.505631 0.164062 0.502815 0.164062 0.497185 0.162500 0.494369 0.162500 0.485924 0.160938 0.483108 0.159375 0.483108 0.159375 0.480293 0.157813 0.477478 0.157813 0.471847 0.156250 0.469032 0.156250 0.463402 0.157813 0.463402 0.189063 0.598534 0.189063 0.595719 0.187500 0.592904 0.187500 0.584458 0.189063 0.581643 0.189063 0.584458 0.195312 0.623872 0.195312 0.618241 0.193750 0.615426 0.193750 0.609795 0.195312 0.606980 0.195312 0.609795 0.209375 0.674546 0.207812 0.671731 0.207812 0.666100 0.206250 0.663285 0.206250 0.654839 0.204688 0.652024 0.203125 0.652024 0.201563 0.649209 0.201563 0.643578 0.200000 0.640763 0.200000 0.632317 0.201563 0.629502 0.201563 0.632317 0.215625 0.699884 0.214063 0.697068 0.214063 0.685807 0.212500 0.682992 0.214063 0.680177 0.214063 0.682992 0.221875 0.716775 0.223437 0.719590 0.223437 0.722406 0.221875 0.725221 0.220313 0.722406 0.220313 0.705514 0.220313 0.708329 0.228125 0.747743 0.226562 0.744928 0.226562 0.730852 0.226562 0.733667 0.232813 0.764635 0.231250 0.761819 0.231250 0.759004 0.232813 0.756189 0.234375 0.759004 0.237500 0.787157 0.237500 0.781526 0.239062 0.778711 0.239062 0.781526 0.248438 0.823755 0.246875 0.826570 0.246875 0.823755 0.245313 0.820940 0.245313 0.804048 0.245313 0.806864 0.253125 0.840647 0.254687 0.843462 0.253125 0.846277 0.253125 0.849093 0.251563 0.846277 0.251563 0.829386 0.251563 0.832201 0.257812 0.865984 0.256250 0.863169 0.256250 0.860354 0.257812 0.857538 0.257812 0.854723 0.257812 0.857538 0.262500 0.882876 0.264063 0.880060 0.265625 0.882876 0.268750 0.908213 0.270313 0.905398 0.270313 0.902582 0.270313 0.905398 0.278125 0.944811 0.276563 0.941996 0.276563 0.930735 0.276563 0.933550 0.284375 0.975779 0.284375 0.972964 0.282813 0.970149 0.282813 0.953257 0.284375 0.956072
0 0.715625 0.637948 0.715625 0.640763 0.720313 0.640763 0.720313 0.637948 0.715625 0.637948 0.551563 0.550675 0.551563 0.547859 0.548438 0.539414 0.546875 0.542229 0.545313 0.542229 0.540625 0.522522 0.540625 0.528153 0.539062 0.525337 0.534375 0.502815 0.534375 0.514076 0.534375 0.511261 0.531250 0.505631 0.528125 0.488739 0.528125 0.491554 0.529688 0.494369 0.528125 0.497185 0.520313 0.469032 0.520313 0.471847 0.521875 0.474663 0.521875 0.477478 0.523438 0.480293 0.523438 0.483108 0.507812 0.440880 0.510938 0.446510 0.510938 0.452141 0.512500 0.454956 0.514063 0.454956 0.515625 0.457771 0.515625 0.466217 0.514063 0.463402 0.514063 0.460586 0.501562 0.423988 0.503125 0.426803 0.503125 0.432434 0.504688 0.435249 0.503125 0.435249 0.501562 0.432434 0.490625 0.398651 0.490625 0.401466 0.492188 0.404281 0.492188 0.407096 0.493750 0.409912 0.495313 0.409912 0.496875 0.412727 0.496875 0.421173 0.495313 0.418357 0.482813 0.384574 0.484375 0.387390 0.484375 0.393020 0.478125 0.367683 0.478125 0.373313 0.476562 0.373313 0.471875 0.356422 0.471875 0.359237 0.470312 0.359237 0.465625 0.345161 0.465625 0.342345 0.464063 0.336715 0.459375 0.322639 0.459375 0.328269 0.457813 0.325454 0.453125 0.311377 0.453125 0.314193 0.446875 0.291671 0.445312 0.291671 0.445312 0.288855 0.440625 0.277594 0.440625 0.280410 0.439062 0.280410 0.434375 0.269149 0.434375 0.266333 0.426563 0.246626 0.421875 0.232550 0.421875 0.235365 0.420313 0.235365 0.415625 0.224104 0.415625 0.221289 0.371875 0.114309 0.371875 0.100233 0.365625 0.100233 0.365625 0.114309 0.371875 0.114309 0.415625 0.221289 0.415625 0.224104 0.420313 0.235365 0.420313 0.232550 0.421875 0.232550 0.426563 0.246626 0.426563 0.246626 0.434375 0.266333 0.434375 0.269149 0.439062 0.280410 0.439062 0.277594 0.440625 0.277594 0.445312 0.288855 0.446875 0.291671 0.453125 0.314193 0.451563 0.311377 0.453125 0.311377 0.457813 0.325454 0.457813 0.322639 0.459375 0.322639 0.464063 0.336715 0.464063 0.336715 0.465625 0.342345 0.465625 0.345161 0.470312 0.359237 0.470312 0.353606 0.471875 0.356422 0.476562 0.373313 0.476562 0.367683 0.478125 0.367683 0.484375 0.393020 0.482813 0.390205 0.482813 0.381759 0.482813 0.384574 0.495313 0.418357 0.495313 0.415542 0.493750 0.412727 0.493750 0.409912 0.492188 0.407096 0.490625 0.407096 0.489063 0.404281 0.489063 0.395835 0.490625 0.398651 0.501562 0.432434 0.501562 0.429618 0.500000 0.426803 0.500000 0.423988 0.501562 0.423988 0.514063 0.460586 0.512500 0.457771 0.512500 0.454956 0.510938 0.452141 0.509375 0.452141 0.507812 0.449325 0.507812 0.438064 0.507812 0.440880 0.523438 0.483108 0.521875 0.483108 0.520313 0.480293 0.520313 0.474663 0.518750 0.471847 0.518750 0.469032 0.520313 0.469032 0.528125 0.497185 0.525000 0.491554 0.526563 0.488739 0.526563 0.485924 0.528125 0.488739 0.531250 0.505631 0.531250 0.502815 0.534375 0.502815 0.539062 0.525337 0.539062 0.519707 0.540625 0.522522 0.545313 0.542229 0.545313 0.533783 0.548438 0.539414 0.551563 0.547859 0.551563 0.550675
0 0.564063 0.930735 0.564063 0.933550 0.570312 0.933550 0.570312 0.930735 0.564063 0.930735 0.557813 0.916659 0.559375 0.919474 0.559375 0.922289 0.553125 0.896952 0.553125 0.908213 0.553125 0.905398 0.551563 0.902582 0.551563 0.899767 0.545313 0.880060 0.546875 0.882876 0.546875 0.885691 0.540625 0.863169 0.540625 0.871615 0.539062 0.868799 0.539062 0.865984 0.537500 0.863169 0.534375 0.843462 0.534375 0.854723 0.532813 0.851908 0.528125 0.829386 0.528125 0.835016 0.526563 0.835016 0.521875 0.809679 0.521875 0.818125 0.521875 0.815309 0.520313 0.812494 0.515625 0.792787 0.515625 0.801233 0.514063 0.798418 0.509375 0.773080 0.509375 0.778711 0.507812 0.778711 0.501562 0.756189 0.503125 0.759004 0.503125 0.764635 0.496875 0.739297 0.496875 0.747743 0.495313 0.744928 0.489063 0.719590 0.490625 0.722406 0.490625 0.730852 0.476562 0.688623 0.479688 0.694253 0.479688 0.699884 0.481250 0.702699 0.482813 0.702699 0.484375 0.705514 0.484375 0.711145 0.482813 0.711145 0.482813 0.708329 0.471875 0.671731 0.471875 0.680177 0.473438 0.682992 0.471875 0.682992 0.471875 0.680177 0.465625 0.652024 0.465625 0.660470 0.465625 0.657655 0.464063 0.654839 0.459375 0.635133 0.459375 0.640763 0.457813 0.637948 0.453125 0.615426 0.453125 0.621056 0.451563 0.621056 0.446875 0.604165 0.446875 0.601349 0.570312 0.581643 0.570312 0.584458 0.440625 0.578827 0.440625 0.587273 0.439062 0.584458 0.439062 0.576012 0.434375 0.561936 0.434375 0.570382 0.434375 0.567566 0.432813 0.564751 0.428125 0.545044 0.428125 0.550675 0.426563 0.550675 0.421875 0.528153 0.421875 0.530968 0.420313 0.528153 0.415625 0.511261 0.415625 0.516892 0.414062 0.516892 0.409375 0.491554 0.409375 0.497185 0.407812 0.494369 0.403125 0.480293 0.396875 0.457771 0.396875 0.460586 0.395313 0.460586 0.389063 0.438064 0.384375 0.423988 0.384375 0.426803 0.371875 0.390205 0.371875 0.393020 0.290625 0.167799 0.289062 0.164984 0.278125 0.136831 0.279688 0.134016 0.278125 0.131201 0.278125 0.125570 0.276563 0.122755 0.276563 0.111494 0.271875 0.111494 0.271875 0.136831 0.278125 0.136831 0.289062 0.164984 0.290625 0.167799 0.371875 0.393020 0.370313 0.390205 0.371875 0.390205 0.384375 0.426803 0.382812 0.423988 0.384375 0.423988 0.389063 0.438064 0.389063 0.438064 0.395313 0.460586 0.395313 0.457771 0.396875 0.457771 0.403125 0.480293 0.403125 0.480293 0.407812 0.494369 0.407812 0.491554 0.409375 0.491554 0.414062 0.516892 0.414062 0.508446 0.415625 0.511261 0.420313 0.528153 0.420313 0.525337 0.421875 0.528153 0.426563 0.550675 0.426563 0.545044 0.428125 0.545044 0.432813 0.564751 0.432813 0.559121 0.434375 0.561936 0.439062 0.576012 0.440625 0.578827 0.570312 0.584458 0.565625 0.584458 0.565625 0.581643 0.570312 0.581643 0.446875 0.601349 0.445312 0.598534 0.445312 0.592904 0.445312 0.598534 0.446875 0.601349 0.446875 0.604165 0.451563 0.621056 0.451563 0.612610 0.453125 0.615426 0.457813 0.637948 0.457813 0.632317 0.459375 0.635133 0.464063 0.654839 0.464063 0.649209 0.465625 0.652024 0.471875 0.680177 0.470312 0.677362 0.470312 0.668916 0.471875 0.671731 0.482813 0.708329 0.481250 0.705514 0.481250 0.702699 0.479688 0.699884 0.478125 0.699884 0.476562 0.697068 0.476562 0.685807 0.476562 0.688623 0.490625 0.730852 0.489063 0.728036 0.489063 0.716775 0.489063 0.719590 0.495313 0.744928 0.495313 0.736482 0.496875 0.739297 0.503125 0.764635 0.501562 0.761819 0.501562 0.753374 0.501562 0.756189 0.507812 0.778711 0.507812 0.770265 0.509375 0.773080 0.514063 0.798418 0.514063 0.792787 0.515625 0.792787 0.520313 0.812494 0.520313 0.806864 0.521875 0.809679 0.526563 0.835016 0.526563 0.826570 0.528125 0.829386 0.532813 0.851908 0.532813 0.840647 0.534375 0.843462 0.537500 0.863169 0.539062 0.860354 0.540625 0.863169 0.546875 0.885691 0.548438 0.888506 0.546875 0.891321 0.545313 0.888506 0.545313 0.877245 0.545313 0.880060 0.551563 0.899767 0.550000 0.896952 0.553125 0.896952 0.559375 0.922289 0.557813 0.922289 0.557813 0.913844 0.557813 0.916659
0 0.564063 0.311377 0.564063 0.314193 0.565625 0.314193 0.564063 0.311377 0.559375 0.300116 0.559375 0.302932 0.553125 0.288855 0.540625 0.257887 0.539062 0.257887 0.539062 0.255072 0.534375 0.243811 0.534375 0.246626 0.532813 0.246626 0.528125 0.232550 0.528125 0.235365 0.521875 0.221289 0.507812 0.190321 0.507812 0.187506 0.503125 0.176245 0.503125 0.179060 0.501562 0.179060 0.496875 0.164984 0.496875 0.167799 0.490625 0.153723 0.489063 0.153723 0.482813 0.134016 0.478125 0.119940 0.478125 0.125570 0.476562 0.122755 0.471875 0.108679 0.471875 0.111494 0.470312 0.111494 0.468750 0.108679 0.467188 0.103048 0.467188 0.088972 0.459375 0.088972 0.459375 0.103048 0.467188 0.103048 0.468750 0.108679 0.470312 0.105863 0.471875 0.108679 0.476562 0.122755 0.476562 0.119940 0.478125 0.119940 0.482813 0.134016 0.482813 0.134016 0.489063 0.153723 0.490625 0.153723 0.496875 0.167799 0.495313 0.164984 0.496875 0.164984 0.501562 0.179060 0.501562 0.176245 0.503125 0.176245 0.507812 0.187506 0.507812 0.190321 0.521875 0.221289 0.521875 0.221289 0.528125 0.235365 0.526563 0.232550 0.528125 0.232550 0.532813 0.246626 0.532813 0.243811 0.534375 0.243811 0.539062 0.255072 0.540625 0.257887 0.553125 0.288855 0.553125 0.288855 0.559375 0.302932 0.557813 0.300116 0.559375 0.300116
0 0.964062 0.863169 0.964062 0.865984 0.965625 0.865984 0.965625 0.863169 0.964062 0.863169 0.959375 0.851908 0.959375 0.857538 0.957813 0.854723 0.954688 0.843462 0.953125 0.846277 0.950000 0.840647 0.948437 0.832201 0.946875 0.835016 0.945312 0.832201 0.945312 0.826570 0.942188 0.820940 0.940625 0.823755 0.939063 0.820940 0.939063 0.815309 0.935938 0.809679 0.932812 0.809679 0.932812 0.804048 0.929688 0.798418 0.926563 0.798418 0.926563 0.792787 0.923438 0.787157 0.920313 0.787157 0.920313 0.781526 0.917187 0.775896 0.914062 0.775896 0.914062 0.770265 0.910938 0.764635 0.909375 0.764635 0.907813 0.761819 0.907813 0.759004 0.903125 0.747743 0.903125 0.750558 0.904688 0.753374 0.903125 0.753374 0.896875 0.739297 0.889063 0.722406 0.890625 0.725221 0.890625 0.728036 0.890625 0.725221 0.882812 0.708329 0.876563 0.697068 0.870312 0.685807 0.865625 0.674546 0.865625 0.677362 0.864063 0.674546 0.859375 0.660470 0.859375 0.663285 0.857813 0.663285 0.853125 0.649209 0.853125 0.652024 0.851562 0.652024 0.846875 0.637948 0.846875 0.640763 0.845313 0.640763 0.840625 0.626687 0.840625 0.629502 0.839062 0.629502 0.834375 0.618241 0.828125 0.604165 0.828125 0.606980 0.821875 0.592904 0.821875 0.595719 0.815625 0.581643 0.657813 0.277594 0.653125 0.266333 0.653125 0.269149 0.595313 0.153723 0.590625 0.142462 0.590625 0.145277 0.589063 0.145277 0.584375 0.131201 0.584375 0.134016 0.582813 0.134016 0.578125 0.119940 0.578125 0.122755 0.576563 0.122755 0.559375 0.088972 0.559375 0.077711 0.556250 0.077711 0.556250 0.086156 0.557813 0.088972 0.559375 0.088972 0.576563 0.122755 0.576563 0.119940 0.578125 0.119940 0.582813 0.134016 0.582813 0.131201 0.584375 0.131201 0.589063 0.145277 0.589063 0.142462 0.590625 0.142462 0.595313 0.153723 0.595313 0.153723 0.653125 0.269149 0.651563 0.266333 0.653125 0.266333 0.657813 0.277594 0.657813 0.277594 0.815625 0.581643 0.815625 0.581643 0.821875 0.595719 0.820312 0.592904 0.821875 0.592904 0.828125 0.606980 0.826563 0.604165 0.828125 0.604165 0.834375 0.618241 0.834375 0.618241 0.839062 0.629502 0.839062 0.626687 0.840625 0.626687 0.845313 0.640763 0.845313 0.637948 0.846875 0.637948 0.851562 0.652024 0.851562 0.649209 0.853125 0.649209 0.857813 0.663285 0.857813 0.660470 0.859375 0.660470 0.864063 0.674546 0.864063 0.671731 0.865625 0.674546 0.870312 0.685807 0.870312 0.685807 0.876563 0.697068 0.876563 0.697068 0.882812 0.708329 0.882812 0.708329 0.890625 0.725221 0.889063 0.722406 0.889063 0.719590 0.889063 0.722406 0.896875 0.739297 0.896875 0.739297 0.903125 0.753374 0.901562 0.750558 0.901562 0.747743 0.903125 0.747743 0.907813 0.759004 0.910938 0.764635 0.914062 0.770265 0.917187 0.775896 0.920313 0.781526 0.923438 0.787157 0.926563 0.792787 0.929688 0.798418 0.932812 0.804048 0.935938 0.809679 0.939063 0.815309 0.942188 0.820940 0.945312 0.826570 0.948437 0.832201 0.950000 0.840647 0.951563 0.837831 0.954688 0.843462 0.957813 0.854723 0.957813 0.851908 0.959375 0.851908
0 0.920313 0.536598 0.921875 0.539414 0.920313 0.536598 0.915625 0.528153 0.914062 0.525337 0.909375 0.516892 0.907813 0.514076 0.903125 0.505631 0.901562 0.505631 0.901562 0.502815 0.896875 0.494369 0.895313 0.494369 0.895313 0.491554 0.890625 0.483108 0.889063 0.483108 0.889063 0.480293 0.884375 0.471847 0.882812 0.471847 0.882812 0.469032 0.878125 0.460586 0.876563 0.460586 0.876563 0.457771 0.871875 0.449325 0.870312 0.449325 0.870312 0.446510 0.865625 0.438064 0.864063 0.438064 0.864063 0.435249 0.859375 0.426803 0.857813 0.426803 0.857813 0.423988 0.853125 0.415542 0.851562 0.415542 0.851562 0.412727 0.845313 0.404281 0.839062 0.393020 0.832813 0.381759 0.803125 0.333900 0.796875 0.322639 0.796875 0.325454 0.790625 0.311377 0.790625 0.314193 0.784375 0.300116 0.784375 0.302932 0.782813 0.302932 0.778125 0.288855 0.778125 0.291671 0.776562 0.291671 0.771875 0.277594 0.771875 0.280410 0.770313 0.280410 0.765625 0.266333 0.765625 0.269149 0.764063 0.269149 0.759375 0.255072 0.759375 0.257887 0.757812 0.257887 0.753125 0.243811 0.753125 0.246626 0.751563 0.246626 0.746875 0.235365 0.745312 0.235365 0.745312 0.232550 0.740625 0.221289 0.740625 0.224104 0.739063 0.224104 0.734375 0.212843 0.732813 0.212843 0.732813 0.210028 0.726562 0.201582 0.720313 0.190321 0.720313 0.190321 0.726562 0.201582 0.726562 0.201582 0.732813 0.210028 0.734375 0.212843 0.739063 0.224104 0.739063 0.221289 0.740625 0.221289 0.745312 0.232550 0.746875 0.235365 0.751563 0.246626 0.751563 0.243811 0.753125 0.243811 0.757812 0.257887 0.757812 0.255072 0.759375 0.255072 0.764063 0.269149 0.764063 0.266333 0.765625 0.266333 0.770313 0.280410 0.770313 0.277594 0.771875 0.277594 0.776562 0.291671 0.776562 0.288855 0.778125 0.288855 0.782813 0.302932 0.782813 0.300116 0.784375 0.300116 0.790625 0.314193 0.789062 0.311377 0.790625 0.311377 0.796875 0.325454 0.795313 0.322639 0.796875 0.322639 0.803125 0.333900 0.803125 0.333900 0.832813 0.381759 0.832813 0.381759 0.839062 0.393020 0.839062 0.393020 0.845313 0.404281 0.845313 0.404281 0.851562 0.412727 0.853125 0.415542 0.857813 0.423988 0.859375 0.426803 0.864063 0.435249 0.865625 0.438064 0.870312 0.446510 0.871875 0.449325 0.876563 0.457771 0.878125 0.460586 0.882812 0.469032 0.884375 0.471847 0.889063 0.480293 0.890625 0.483108 0.895313 0.491554 0.896875 0.494369 0.901562 0.502815 0.903125 0.505631 0.907813 0.514076 0.909375 0.516892 0.914062 0.525337 0.915625 0.528153
0 0.976562 0.412727 0.976562 0.415542 0.978125 0.415542 0.976562 0.412727 0.970313 0.401466 0.971875 0.404281 0.970313 0.404281 0.964062 0.390205 0.965625 0.393020 0.965625 0.395835 0.964062 0.393020 0.956250 0.378944 0.957813 0.381759 0.959375 0.381759 0.948437 0.367683 0.950000 0.370498 0.951563 0.370498 0.934375 0.345161 0.935938 0.345161 0.942188 0.356422 0.942188 0.359237 0.939063 0.359237 0.937500 0.356422 0.937500 0.353606 0.935938 0.350791 0.903125 0.297301 0.906250 0.302932 0.907813 0.302932 0.907813 0.305747 0.910938 0.311377 0.914062 0.311377 0.915625 0.314193 0.915625 0.319823 0.917187 0.322639 0.921875 0.322639 0.921875 0.328269 0.923438 0.331084 0.926563 0.331084 0.929688 0.336715 0.929688 0.339530 0.928125 0.339530 0.896875 0.286040 0.900000 0.291671 0.895313 0.291671 0.893750 0.288855 0.890625 0.277594 0.892188 0.280410 0.890625 0.283225 0.884375 0.266333 0.884375 0.271964 0.876563 0.257887 0.865625 0.243811 0.864063 0.243811 0.859375 0.232550 0.860938 0.235365 0.857813 0.235365 0.854687 0.224104 0.851562 0.224104 0.850000 0.221289 0.851562 0.218474 0.846875 0.210028 0.848438 0.212843 0.846875 0.215659 0.840625 0.198767 0.840625 0.204397 0.832813 0.187506 0.834375 0.190321 0.831250 0.190321 0.823437 0.176245 0.825000 0.179060 0.826563 0.179060 0.825000 0.179060 0.815625 0.164984 0.817188 0.164984 0.818750 0.167799 0.815625 0.167799 0.809375 0.153723 0.810938 0.153723 0.810938 0.156538 0.807812 0.156538 0.803125 0.142462 0.804688 0.145277 0.803125 0.148092 0.796875 0.131201 0.796875 0.136831 0.795313 0.134016 0.793750 0.134016 0.790625 0.122755 0.789062 0.122755 0.789062 0.119940 0.782813 0.111494 0.779688 0.108679 0.776562 0.108679 0.771875 0.097418 0.773438 0.100233 0.771875 0.100233 0.765625 0.086156 0.767188 0.088972 0.764063 0.088972 0.759375 0.077711 0.757812 0.074895 0.751563 0.066450 0.751563 0.063634 0.745312 0.052373 0.746875 0.055189 0.746875 0.058004 0.740625 0.043928 0.740625 0.032667 0.728125 0.032667 0.728125 0.041112 0.734375 0.041112 0.735938 0.043928 0.740625 0.043928 0.746875 0.058004 0.743750 0.052373 0.742188 0.052373 0.745312 0.052373 0.751563 0.063634 0.751563 0.066450 0.757812 0.074895 0.759375 0.077711 0.764063 0.088972 0.764063 0.086156 0.765625 0.086156 0.771875 0.100233 0.770313 0.097418 0.771875 0.097418 0.776562 0.108679 0.779688 0.108679 0.782813 0.111494 0.782813 0.111494 0.789062 0.119940 0.790625 0.122755 0.793750 0.134016 0.793750 0.131201 0.796875 0.131201 0.803125 0.148092 0.800000 0.142462 0.803125 0.142462 0.807812 0.156538 0.806250 0.153723 0.807812 0.150908 0.809375 0.153723 0.815625 0.167799 0.814063 0.164984 0.814063 0.162169 0.815625 0.164984 0.825000 0.179060 0.823437 0.176245 0.821875 0.176245 0.823437 0.176245 0.831250 0.190321 0.829688 0.187506 0.832813 0.187506 0.840625 0.204397 0.837500 0.198767 0.840625 0.198767 0.846875 0.215659 0.843750 0.210028 0.846875 0.210028 0.851562 0.218474 0.854687 0.224104 0.857813 0.235365 0.857813 0.232550 0.859375 0.232550 0.864063 0.243811 0.865625 0.243811 0.876563 0.257887 0.876563 0.257887 0.884375 0.271964 0.881250 0.266333 0.884375 0.266333 0.890625 0.283225 0.887500 0.277594 0.890625 0.277594 0.893750 0.288855 0.895313 0.286040 0.896875 0.286040 0.928125 0.339530 0.926563 0.336715 0.925000 0.336715 0.923438 0.333900 0.923438 0.331084 0.920313 0.325454 0.918750 0.325454 0.912500 0.314193 0.910938 0.314193 0.907813 0.308562 0.907813 0.305747 0.906250 0.302932 0.903125 0.302932 0.901562 0.300116 0.901562 0.297301 0.903125 0.297301 0.935938 0.350791 0.934375 0.350791 0.931250 0.345161 0.932812 0.342345 0.934375 0.345161 0.951563 0.370498 0.946875 0.370498 0.945312 0.367683 0.948437 0.367683 0.959375 0.381759 0.959375 0.384574 0.956250 0.378944 0.953125 0.378944 0.956250 0.378944 0.964062 0.393020 0.962500 0.393020 0.960938 0.390205 0.964062 0.390205 0.970313 0.404281 0.968750 0.401466 0.970313 0.401466
0 0.915625 0.000000 0.915625 0.015775 0.920313 0.015775 0.921875 0.018590 0.923438 0.018590 0.926563 0.024221 0.928125 0.024221 0.932812 0.032667 0.935938 0.032667 0.939063 0.038297 0.939063 0.041112 0.940625 0.043928 0.943750 0.043928 0.951563 0.058004 0.954688 0.058004 0.956250 0.060819 0.956250 0.063634 0.957813 0.066450 0.960938 0.066450 0.962500 0.069265 0.964062 0.069265 0.965625 0.072080 0.965625 0.074895 0.967188 0.074895 0.968750 0.077711 0.970313 0.077711 0.971875 0.080526 0.973438 0.080526 0.975000 0.083341 0.975000 0.086156 0.976562 0.088972 0.979687 0.088972 0.985938 0.100233 0.987500 0.100233 0.990625 0.105863 0.992188 0.105863 0.993750 0.108679 0.993750 0.119940 0.998438 0.119940 0.998438 0.105863 0.996875 0.105863 0.992188 0.097418 0.990625 0.097418 0.989063 0.094602 0.987500 0.094602 0.982813 0.086156 0.981250 0.086156 0.979687 0.083341 0.978125 0.083341 0.971875 0.072080 0.968750 0.072080 0.967188 0.069265 0.967188 0.066450 0.965625 0.063634 0.962500 0.063634 0.956250 0.052373 0.954688 0.052373 0.953125 0.049558 0.951563 0.049558 0.946875 0.041112 0.943750 0.041112 0.937500 0.029851 0.935938 0.029851 0.928125 0.015775 0.926563 0.015775 0.923438 0.010144 0.923438 0.000000
